0.0 0.0 0.0 -1.16333572 -1.16333565 -0.34906671 -0.34906649999999995 2.61672709 2.61675567 2.87238881 2.8726508600000003 2.88137667 
0.0028867513459481294 0.005 0.0 -1.16320648 -1.16320624 -0.34915443999999995 -0.3491542299999999 2.61644556 2.61644683 2.87125798 2.87125897 2.88092105 
0.005773502691896259 0.01 0.0 -1.1627967899999998 -1.16279632 -0.34942147999999995 -0.3494212699999999 2.6155669 2.61561581 2.86786832 2.86810733 2.87959967 
0.008660254037844387 0.015 0.0 -1.16202923 -1.16202854 -0.3498723100000001 -0.3498721 2.61399674 2.6139977400000003 2.86214028 2.8621421099999997 2.87756073 
0.011547005383792518 0.02 0.0 -1.16078144 -1.1607805400000002 -0.35051261999999994 -0.3505124100000001 2.61159492 2.6115980299999997 2.8540045000000003 2.85409741 2.87501465 
0.014433756729740647 0.025 0.0 -1.1588994700000002 -1.15889839 -0.35134705999999993 -0.3513468500000001 2.60815795 2.60815945 2.8433976899999998 2.84341549 2.87220968 
0.017320508075688773 0.03 0.0 -1.15622787 -1.15622662 -0.35238772000000007 -0.3523875000000001 2.6034595300000003 2.6034609 2.8302336500000003 2.8302437 2.8694706400000003 
0.020207259421636908 0.035 0.0 -1.15262382 -1.15262244 -0.35364481000000003 -0.35364459000000004 2.5972557199999997 2.59725702 2.81446512 2.81446736 2.86712219 
0.023094010767585035 0.04 0.0 -1.14800805 -1.1480066 -0.35513284999999994 -0.35513262999999995 2.58931611 2.5893193400000003 2.79605482 2.79608718 2.86548874 
0.025980762113533163 0.045 0.0 -1.1423563200000002 -1.14235483 -0.35686426000000004 -0.35686404000000005 2.5794751099999997 2.57947787 2.7750185700000003 2.77503608 2.8648469800000003 
0.028867513459481294 0.05 0.0 -1.1357399099999999 -1.13573842 -0.3588582199999999 -0.3588579999999999 2.56763011 2.5676397900000003 2.7514113499999997 2.75141601 2.86532499 
0.03175426480542942 0.055 0.0 -1.1283044000000002 -1.1283029400000002 -0.36113825 -0.36113802000000006 2.5537907300000002 2.55379217 2.72537262 2.72538515 2.86695536 
0.034641016151377546 0.06 0.0 -1.12023845 -1.12023705 -0.3637185599999999 -0.36371833 2.5380523 2.53805706 2.6970750299999997 2.6970785900000003 2.86946088 
0.037527767497325684 0.065 0.0 -1.1117650000000001 -1.1117636800000001 -0.36663475 -0.3666345200000001 2.52057434 2.5205770999999997 2.66676571 2.66676994 2.87208215 
0.040414518843273815 0.07 0.0 -1.1031004599999998 -1.1030992199999998 -0.36990356 -0.3699033300000001 2.5016125000000002 2.50161438 2.6346960900000003 2.63469834 2.87296213 
0.04330127018922194 0.075 0.0 -1.09446185 -1.09446069 -0.37354869 -0.3735484600000001 2.48142344 2.48142475 2.6011340499999998 2.60113705 2.8689301 
0.04618802153517007 0.08 0.0 -1.08606362 -1.08606254 -0.37761263 -0.37761240000000007 2.46026562 2.4602672500000002 2.56635767 2.5663604600000003 2.8585723 
0.0490747728811182 0.085 0.0 -1.0780902600000002 -1.07808927 -0.38212018000000003 -0.3821199500000001 2.4384036399999998 2.43840529 2.53065287 2.5306561700000003 2.8439621500000003 
0.051961524227066326 0.09 0.0 -1.0707076999999998 -1.07070678 -0.38710255000000005 -0.3871023200000001 2.41606679 2.4160678300000002 2.4943245000000003 2.49432686 2.82713276 
0.05484827557301446 0.095 0.0 -1.0640548500000002 -1.06405401 -0.39259134000000007 -0.3925911099999999 2.3934259 2.39342732 2.45769824 2.45770131 2.80906746 
0.05773502691896259 0.1 0.0 -1.05827406 -1.0582732899999998 -0.3986162900000001 -0.39861605 2.3704835500000003 2.37048435 2.4212256 2.42122758 2.7901705100000003 
0.06062177826491071 0.105 0.0 -1.0534715399999999 -1.0534708300000002 -0.40521680000000004 -0.40521655999999995 2.34692263 2.3469235399999997 2.3857123600000003 2.38571472 2.77065654 
0.06350852961085884 0.11 0.0 -1.04974913 -1.04974847 -0.4124268099999999 -0.4124265600000001 2.32147734 2.3214776500000003 2.35277942 2.35278113 2.75062429 
0.06639528095680697 0.115 0.0 -1.0471890799999999 -1.04718848 -0.4202745400000001 -0.4202743 2.29216906 2.2921698399999997 2.32479907 2.32479926 2.7301466999999997 
0.06928203230275509 0.12 0.0 -1.0458621899999998 -1.04586164 -0.4287930099999999 -0.42879277000000005 2.25915973 2.25916097 2.30195471 2.3019551199999997 2.70927345 
0.07216878364870323 0.125 0.0 -1.04582219 -1.04582168 -0.43800810999999995 -0.4380078700000001 2.2245353000000003 2.2245367199999997 2.28248234 2.28248283 2.68804993 
0.07505553499465137 0.13 0.0 -1.04711228 -1.04711182 -0.44794548999999995 -0.4479452500000001 2.18964623 2.18964797 2.26531909 2.26532006 2.66652382 
0.07794228634059949 0.135 0.0 -1.0497616500000002 -1.04976123 -0.45863177999999993 -0.45863154000000006 2.1551090999999998 2.15511047 2.25010012 2.25010085 2.64471011 
0.08082903768654763 0.14 0.0 -1.05378448 -1.0537840900000002 -0.4700820000000001 -0.47008176999999995 2.12125248 2.12125392 2.23673514 2.23673588 2.6226615300000002 
0.08371578903249574 0.145 0.0 -1.0591861100000002 -1.0591857500000001 -0.48231456000000006 -0.4823143299999999 2.08828156 2.08828283 2.22520953 2.2252102000000002 2.60040785 
0.08660254037844388 0.15 0.0 -1.06595007 -1.0659497500000001 -0.4953346700000001 -0.49533443999999993 2.0563477299999997 2.05634893 2.2155536099999997 2.21555429 2.57799626 
0.089489291724392 0.155 0.0 -1.0740641599999998 -1.0740638599999999 -0.50914679 -0.50914656 2.0255582800000003 2.02555941 2.20778785 2.2077883199999997 2.55546656 
0.09237604307034014 0.16 0.0 -1.0834928000000001 -1.08349253 -0.5237555700000001 -0.5237553500000001 1.99602042 1.99602147 2.2019227299999997 2.2019244799999997 2.53285295 
0.09526279441628827 0.165 0.0 -1.09417646 -1.09417622 -0.5391373800000001 -0.53913717 1.96782594 1.9678269400000001 2.19797494 2.19797559 2.5102027199999997 
0.0981495457622364 0.17 0.0 -1.1060580199999999 -1.1060578099999998 -0.5552792799999999 -0.5552790599999999 1.94103808 1.94103901 2.1959300600000002 2.19593061 2.4875784000000003 
0.10103629710818451 0.175 0.0 -1.11907514 -1.11907494 -0.57215729 -0.57215708 1.91570978 1.9157107199999999 2.1957459 2.19574827 2.4650235599999997 
0.10392304845413265 0.18 0.0 -1.13314922 -1.13314905 -0.58973828 -0.58973808 1.89188651 1.89188737 2.1973572299999997 2.1973578199999997 2.44261965 
0.10680979980008078 0.185 0.0 -1.14818912 -1.1481889600000001 -0.6079807800000001 -0.60798058 1.8696050899999999 1.86960587 2.20067363 2.20067435 2.4204658500000003 
0.10969655114602891 0.19 0.0 -1.16409954 -1.16409939 -0.6268357900000001 -0.62683559 1.84889224 1.84889292 2.20554953 2.20555039 2.39869808 
0.11258330249197704 0.195 0.0 -1.18076516 -1.1807650299999999 -0.64624612 -0.6462459300000001 1.82976215 1.82976281 2.21173439 2.21173462 2.37754569 
0.11547005383792518 0.2 0.0 -1.19807241 -1.1980723000000002 -0.6661479299999999 -0.66614773 1.81222186 1.81222249 2.21880863 2.2188092900000003 2.35740327 
0.11835680518387329 0.205 0.0 -1.2158913299999998 -1.21589123 -0.6864653199999999 -0.68646512 1.79627447 1.79627508 2.22596317 2.22596358 2.3390497999999997 
0.12124355652982143 0.21 0.0 -1.2340856900000001 -1.23408562 -0.7071294699999999 -0.70712927 1.78189883 1.78189939 2.23155554 2.23155584 2.3240782099999997 
0.12413030787576955 0.215 0.0 -1.25249318 -1.25249312 -0.7280512800000001 -0.7280510600000001 1.7690834500000001 1.76908397 2.2326710800000003 2.2326714599999997 2.31536294 
0.1270170592217177 0.22 0.0 -1.27093254 -1.2709324899999999 -0.7491413200000001 -0.74914109 1.75780272 1.75780323 2.22659087 2.22659145 2.31556381 
0.1299038105676658 0.225 0.0 -1.28917641 -1.2891763799999998 -0.7703047999999999 -0.7703045500000001 1.74802865 1.74802912 2.21405173 2.2140524800000003 2.32390851 
0.13279056191361394 0.23 0.0 -1.30694841 -1.3069483700000002 -0.79144269 -0.7914424099999999 1.73971488 1.73971532 2.1977990700000003 2.19779979 2.3375947100000003 
0.13567731325956206 0.235 0.0 -1.3238836200000001 -1.32388356 -0.8124532799999999 -0.81245298 1.73284127 1.73284168 2.17978263 2.17978334 2.35460215 
0.13856406460551018 0.24 0.0 -1.33947796 -1.3394778500000002 -0.83323316 -0.8332328200000001 1.72734889 1.7273492799999999 2.1609933999999997 2.16099408 2.37387652 
0.14145081595145834 0.245 0.0 -1.3530368199999998 -1.35303665 -0.8536740300000001 -0.85367365 1.7231960499999999 1.72319641 2.14194218 2.1419429 2.3948607600000003 
0.14433756729740646 0.25 0.0 -1.3636305800000001 -1.36363032 -0.8736622599999999 -0.8736618300000001 1.72033401 1.7203343599999998 2.12288915 2.12288977 2.4172519 
0.14722431864335458 0.255 0.0 -1.37016281 -1.37016245 -0.8930889200000001 -0.8930884400000001 1.7187160000000001 1.71871632 2.10398658 2.10398719 2.44080942 
0.15011106998930274 0.26 0.0 -1.3716786600000002 -1.37167816 -0.9118548200000001 -0.91185428 1.7182715800000001 1.71827188 2.08533744 2.08533801 2.46537929 
0.15299782133525086 0.265 0.0 -1.3678557100000002 -1.36785509 -0.9298364699999999 -0.9298358600000001 1.71895446 1.71895475 2.0670069399999997 2.06700746 2.49083784 
0.15588457268119899 0.27 0.0 -1.3592276499999998 -1.3592269099999998 -0.9469282800000001 -0.94692759 1.7207091700000001 1.72070945 2.0490492600000003 2.04904981 2.51707267 
0.1587713240271471 0.275 0.0 -1.3468641300000002 -1.3468632600000001 -0.9630174999999999 -0.9630167200000002 1.72348006 1.7234803300000001 2.03150679 2.0315073 2.54399057 
0.16165807537309526 0.28 0.0 -1.33188663 -1.3318856399999999 -0.97799755 -0.97799667 1.7272105199999999 1.72721078 2.01440885 2.01440936 2.57149407 
0.16454482671904336 0.285 0.0 -1.31520057 -1.3151994500000002 -0.9917534899999998 -0.9917525 1.73184162 1.73184187 1.99779642 1.99779689 2.59950016 
0.16743157806499148 0.29 0.0 -1.29746533 -1.2974640700000002 -1.0041666400000002 -1.00416551 1.7373247699999999 1.73732501 1.98168313 1.98168357 2.62792884 
0.1703183294109396 0.295 0.0 -1.2791862900000002 -1.27918487 -1.0151270499999998 -1.01512576 1.74358357 1.74358381 1.96608992 1.96609035 2.65670284 
0.17320508075688776 0.3 0.0 -1.26071868 -1.26071708 -1.0245016100000002 -1.0245001299999998 1.75056083 1.75056106 1.9510514300000001 1.95105183 2.6857428199999998 
0.17609183210283588 0.305 0.0 -1.2423658400000002 -1.24236404 -1.03214979 -1.03214811 1.75820135 1.7582015800000002 1.93659137 1.93659174 2.71498641 
0.178978583448784 0.31 0.0 -1.2243915200000002 -1.2243894800000001 -1.0379117199999999 -1.03790981 1.76642069 1.7664209199999998 1.9227481800000001 1.92274854 2.74436255 
0.18186533479473213 0.315 0.0 -1.2070493299999998 -1.20704704 -1.04161284 -1.0416106699999998 1.77514478 1.7751450100000001 1.90957186 1.90957219 2.77380775 
0.18475208614068028 0.32 0.0 -1.1905981799999998 -1.1905956199999999 -1.0430644 -1.0430619499999998 1.7842547 1.7842549399999998 1.89713844 1.89713877 2.80325107 
0.1876388374866284 0.325 0.0 -1.1752759099999999 -1.1752730900000001 -1.04208408 -1.04208138 1.79356968 1.79356991 1.88558563 1.88558592 2.83264108 
0.19052558883257653 0.33 0.0 -1.1612683499999998 -1.16126533 -1.03855123 -1.0385483199999999 1.80276496 1.8027652 1.87519591 1.87519616 2.8618886 
0.19341234017852466 0.335 0.0 -1.1486331399999998 -1.1486299899999999 -1.03246029 -1.0324572399999998 1.81117237 1.8111726099999998 1.8665755 1.8665757200000002 2.89094841 
0.1962990915244728 0.34 0.0 -1.13726614 -1.13726297 -1.02398065 -1.02397757 1.8173154299999998 1.81731568 1.86118781 1.86118797 2.91975694 
0.1991858428704209 0.345 0.0 -1.12688209 -1.12687896 -1.0134530499999999 -1.0134500100000001 1.8189434 1.81894367 1.86124315 1.8612433099999999 2.94826092 
0.20207259421636903 0.35 0.0 -1.1171170400000001 -1.1171140300000002 -1.00132639 -1.00132347 1.81570047 1.81570075 1.86702162 1.86702181 2.97639692 
0.20495934556231715 0.355 0.0 -1.10759704 -1.1075941999999999 -0.9880530300000001 -0.9880502600000001 1.80979235 1.80979265 1.8763001799999999 1.87630041 3.00411405 
0.2078460969082653 0.36 0.0 -1.0980063100000002 -1.09800362 -0.97402517 -0.9740225599999999 1.80294665 1.80294694 1.88730843 1.88730867 3.03136734 
0.21073284825421343 0.365 0.0 -1.0881264700000002 -1.08812395 -0.95956698 -0.9595645500000001 1.7959314100000001 1.79593169 1.89921688 1.89921713 3.05809556 
0.21361959960016155 0.37 0.0 -1.07781284 -1.0778104800000001 -0.9449230099999999 -0.94492072 1.78906042 1.78906068 1.91165309 1.91165335 3.08425127 
0.2165063509461097 0.375 0.0 -1.06698607 -1.0669838500000002 -0.93027594 -0.93027379 1.78248623 1.78248648 1.92441897 1.92441923 3.10979295 
0.21939310229205783 0.38 0.0 -1.05562282 -1.0556207199999998 -0.91576324 -0.9157611999999999 1.77627919 1.77627943 1.9374004999999999 1.93740076 3.13466861 
0.22227985363800595 0.385 0.0 -1.0437370499999998 -1.04373506 -0.9014873299999999 -0.9014854000000001 1.77047121 1.7704714400000001 1.95051167 1.95051194 3.15882404 
0.22516660498395408 0.39 0.0 -1.0313739100000001 -1.03137202 -0.88753127 -0.88752944 1.76506349 1.76506371 1.96367465 1.96367493 3.18222536 
0.22805335632990223 0.395 0.0 -1.0185942899999998 -1.01859249 -0.8739511499999999 -0.8739494000000001 1.7600633399999999 1.7600635599999999 1.97683482 1.9768351 3.20483456 
0.23094010767585035 0.4 0.0 -1.00548117 -1.0054794500000002 -0.8607921999999999 -0.86079053 1.75546611 1.75546633 1.98994096 1.9899412399999998 3.2266092 
0.23382685902179848 0.405 0.0 -0.99212788 -0.9921262199999998 -0.8480980499999999 -0.84809644 1.7512534199999998 1.7512536399999998 2.00292453 2.00292481 3.24751512 
0.23671361036774657 0.41 0.0 -0.9786355000000002 -0.97863392 -0.8359001399999999 -0.8358985999999999 1.74741375 1.74741396 2.01574207 2.01574236 3.26752018 
0.23960036171369473 0.415 0.0 -0.96510994 -0.9651084399999998 -0.8242187599999999 -0.82421729 1.74393106 1.74393127 2.02833386 2.02833416 3.28659289 
0.24248711305964285 0.42 0.0 -0.95166035 -0.9516589099999999 -0.8130732300000001 -0.8130718299999999 1.7407877699999998 1.74078798 2.0406557 2.04065601 3.30470478 
0.24537386440559097 0.425 0.0 -0.93839787 -0.9383964899999999 -0.80248048 -0.80247914 1.73796453 1.73796474 2.05264791 2.05264822 3.32182955 
0.2482606157515391 0.43 0.0 -0.92543445 -0.9254331499999999 -0.79245689 -0.79245561 1.73543959 1.7354398 2.0642493799999997 2.06424969 3.33794185 
0.25114736709748725 0.435 0.0 -0.9128751399999999 -0.9128738999999999 -0.7830090599999999 -0.78300785 1.73320216 1.7332023699999999 2.07541588 2.0754162000000003 3.35302699 
0.2540341184434354 0.44 0.0 -0.9008263299999999 -0.9008251599999999 -0.7741485100000001 -0.7741473700000001 1.73122215 1.7312223599999998 2.08607394 2.08607426 3.36705734 
0.2569208697893835 0.445 0.0 -0.8893921300000001 -0.8893910300000001 -0.76590184 -0.76590078 1.72948381 1.7294840200000001 2.0961693500000003 2.09616967 3.3800182 
0.2598076211353316 0.45 0.0 -0.8786633100000001 -0.8786623 -0.7582759400000001 -0.75827494 1.7279678600000001 1.72796807 2.1056423300000002 2.1056426200000002 3.39188659 
0.26269437248127975 0.455 0.0 -0.8687229999999999 -0.86872207 -0.7512855 -0.75128459 1.7266564899999999 1.7266567 2.11442859 2.11442892 3.40266147 
0.26558112382722787 0.46 0.0 -0.85964536 -0.8596445100000001 -0.7449476500000001 -0.74494682 1.72553348 1.7255337 2.12248085 2.1224811800000003 3.4123332 
0.26846787517317605 0.465 0.0 -0.8514984400000001 -0.85149769 -0.7392819799999999 -0.73928124 1.72458329 1.72458351 2.12973802 2.1297383500000002 3.42088695 
0.2713546265191241 0.47 0.0 -0.8443385299999999 -0.8443378699999999 -0.7343096899999999 -0.7343090400000001 1.72379035 1.7237905599999999 2.13614717 2.1361475 3.42831446 
0.27424137786507224 0.475 0.0 -0.8382116900000001 -0.8382111299999999 -0.7300530199999999 -0.73005247 1.7231419300000002 1.7231421500000002 2.14165985 2.14166019 3.43460986 
0.27712812921102037 0.48 0.0 -0.83315479 -0.8331543400000001 -0.7265333599999999 -0.72653291 1.72262689 1.72262711 2.1462330300000003 2.14623336 3.43976699 
0.28001488055696855 0.485 0.0 -0.8291953400000001 -0.82919499 -0.7237708700000001 -0.72377052 1.72223613 1.72223635 2.1498303 2.1498306300000003 3.44378241 
0.2829016319029167 0.49 0.0 -0.82635602 -0.8263557800000001 -0.7217885799999999 -0.72178834 1.72195736 1.72195758 2.152421 2.15242134 3.44665247 
0.2857883832488648 0.495 0.0 -0.82464468 -0.8246445600000001 -0.72058976 -0.7205896199999999 1.7217974699999998 1.72179769 2.15399105 2.15399138 3.44838268 
0.2886751345948129 0.5 0.0 -0.8240756499999999 -0.8240756 -0.72019262 -0.72019254 1.7217372 1.72173742 2.15451225 2.15451258 3.4489525 
0.2886751345948129 0.5 0.0 -0.8240756499999999 -0.8240756 -0.72019262 -0.72019254 1.7217372 1.72173742 2.15451225 2.15451258 3.44895231 
0.2857883832488648 0.50166666 0.0 -0.84080424 -0.80942878 -0.73681917 -0.7027306099999999 1.72126734 1.7223807199999999 2.1526472500000002 2.15647515 3.44827205 
0.2829016319029166 0.50333334 0.0 -0.8587574899999999 -0.7997686799999999 -0.7496985300000001 -0.68528517 1.72097494 1.7232051099999999 2.15088059 2.15853851 3.44792348 
0.28001488055696855 0.505 0.0 -0.87763288 -0.8019618100000001 -0.75196157 -0.6681598200000001 1.72084781 1.72420157 2.14921185 2.1607011 3.44789437 
0.2771281292110204 0.50666666 0.0 -0.8973116699999999 -0.8160628299999999 -0.74355678 -0.65147895 1.7208773800000001 1.72536424 2.1476426 2.1629654 3.44818252 
0.27424137786507224 0.50833334 0.0 -0.9177284400000001 -0.8352056400000001 -0.7313440499999999 -0.63530343 1.7210617 1.72669388 2.14617636 2.1653360299999997 3.44878304 
0.2713546265191242 0.51 0.0 -0.93884273 -0.8564510700000001 -0.7182295700000001 -0.6196435899999999 1.72139332 1.72818638 2.1448169 2.16781721 3.44968533 
0.268467875173176 0.51166666 0.0 -0.9606353799999998 -0.8789311399999999 -0.70507879 -0.60451812 1.7218624 1.7298338100000001 2.14356912 2.17041386 3.45087968 
0.2655811238272279 0.51333334 0.0 -0.9830903499999999 -0.9023351100000001 -0.6921851000000001 -0.58992793 1.72245809 1.73162704 2.14243901 2.17313165 3.45234728 
0.2626943724812798 0.515 0.0 -1.00619515 -0.9265265899999999 -0.6796664400000001 -0.57586922 1.72316859 1.7335554800000001 2.1414339399999998 2.17597714 3.45407383 
0.2598076211353316 0.51666666 0.0 -1.0299386199999998 -0.95143432 -0.6675737399999999 -0.56233489 1.72398082 1.73560669 2.1405621100000003 2.17895723 3.45603204 
0.25692086978938355 0.51833334 0.0 -1.0543095 -0.9770145499999998 -0.6559221399999999 -0.54931017 1.72488076 1.7377669500000001 2.13983326 2.18208001 3.45819513 
0.2540341184434353 0.52 0.0 -1.07929954 -1.00324006 -0.6447299500000001 -0.53679502 1.72585137 1.7400182100000001 2.13925557 2.18535086 3.46051827 
0.25114736709748725 0.52166666 0.0 -1.10489442 -1.0300837600000001 -0.63398746 -0.5247695800000001 1.7268794299999999 1.74234464 2.13884583 2.18878286 3.46296689 
0.2482606157515391 0.52333334 0.0 -1.13108313 -1.0575267 -0.6236880499999999 -0.51322081 1.7279471 1.74472607 2.1386193000000002 2.1923870599999997 3.46547451 
0.24537386440559095 0.525 0.0 -1.1578522100000002 -1.0855494499999998 -0.61382059 -0.50213336 1.72903627 1.74714139 2.1385824099999997 2.19616555 3.46796098 
0.24248711305964288 0.52666666 0.0 -1.18518781 -1.11413371 -0.6043724100000001 -0.49149153 1.73012903 1.7495677600000001 2.13875499 2.20013192 3.4703308 
0.2396003617136947 0.52833334 0.0 -1.21307395 -1.14326003 -0.5953288800000001 -0.4812786 1.73120924 1.75198292 2.13915604 2.20429801 3.47242869 
0.23671361036774657 0.53 0.0 -1.2414941599999998 -1.1729088399999998 -0.58667427 -0.4714775 1.7322542699999999 1.75435885 2.13979912 2.2086708 3.47408988 
0.2338268590217985 0.53166666 0.0 -1.2704279299999999 -1.2030574500000002 -0.5783948999999999 -0.46207277 1.73324591 1.75666877 2.14070549 2.21326206 3.47507296 
0.23094010767585033 0.53333334 0.0 -1.29985571 -1.2336841600000001 -0.5704729500000001 -0.4530458399999999 1.73416539 1.75888562 2.1418941499999997 2.2180817900000003 3.47507331 
0.22805335632990223 0.535 0.0 -1.32975492 -1.2647647100000001 -0.56289148 -0.44437890999999996 1.73499381 1.7609813399999998 2.14338485 2.2231398799999997 3.4737105 
0.22516660498395405 0.53666666 0.0 -1.36010015 -1.29627223 -0.55563337 -0.4360540399999999 1.73571247 1.76292748 2.1451974199999997 2.22844582 3.47056662 
0.22227985363800595 0.53833334 0.0 -1.3908635500000002 -1.32817782 -0.54868137 -0.42805325000000005 1.73630322 1.7646957699999999 2.14735144 2.23400864 3.46522767 
0.2193931022920578 0.54 0.0 -1.42201413 -1.3604499799999998 -0.5420184400000001 -0.42035883000000007 1.73674813 1.76625808 2.14986592 2.23983678 3.45739325 
0.21650635094610965 0.54166666 0.0 -1.4535150799999998 -1.3930520999999998 -0.5356271699999999 -0.4129526400000001 1.7370303599999999 1.76758751 2.15275896 2.24593803 3.44696128 
0.21361959960016155 0.54333334 0.0 -1.4853239500000002 -1.4259430499999999 -0.5294901599999999 -0.40581661 1.73713382 1.76865837 2.15604719 2.25231926 3.43405491 
0.21073284825421343 0.545 0.0 -1.51738615 -1.4590715200000002 -0.5235935599999999 -0.39893530999999993 1.7370432 1.76944572 2.15974522 2.25898585 3.41896592 
0.20784609690826528 0.54666666 0.0 -1.54965031 -1.4923916799999999 -0.5179142999999999 -0.39228664 1.7367443900000001 1.7699289999999999 2.1638661900000002 2.26594358 3.40205926 
0.20495934556231718 0.54833334 0.0 -1.5820363300000002 -1.52583408 -0.51243886 -0.38585556 1.73622443 1.7700878599999998 2.16842034 2.27319587 3.38369928 
0.20207259421636903 0.55 0.0 -1.6144512999999998 -1.55932389 -0.50716121 -0.3796344300000001 1.7354711699999998 1.7699042600000001 2.17341521 2.28074525 3.36420241 
0.1991858428704209 0.55166666 0.0 -1.64676183 -1.59275712 -0.5020471500000001 -0.37358939 1.73447286 1.76936322 2.17885601 2.28859297 3.34383206 
0.19629909152447278 0.55333334 0.0 -1.6787960499999999 -1.62601115 -0.49708719 -0.36771036 1.73322452 1.7684587 2.1847423800000003 2.29673775 3.32278802 
0.19341234017852466 0.555 0.0 -1.71032284 -1.65893588 -0.49227058999999995 -0.3619846 1.73171139 1.76717277 2.191078 2.30518163 3.30125446 
0.19052558883257653 0.55666666 0.0 -1.7410074500000001 -1.69132433 -0.48757388 -0.35638963999999995 1.72993695 1.76551262 2.19785969 2.3139239700000003 3.27935719 
0.1876388374866284 0.55833334 0.0 -1.7704009699999999 -1.7229228499999998 -0.48298214000000006 -0.3509095499999999 1.72789098 1.76346941 2.20508061 2.32296031 3.25720578 
0.18475208614068028 0.56 0.0 -1.79790707 -1.7534046499999998 -0.47849209000000004 -0.34553874000000007 1.72557136 1.7610436900000002 2.21273126 2.33228484 3.23488266 
0.18186533479473213 0.56166666 0.0 -1.82282285 -1.7823685 -0.4740882799999999 -0.34026150999999993 1.7229655099999999 1.75822784 2.2207984400000003 2.3418897899999997 3.2124526 
0.17897858344878398 0.56333334 0.0 -1.84448311 -1.80934983 -0.46974483999999994 -0.3350519700000001 1.72008662 1.75504109 2.22928052 2.35177896 3.19000043 
0.17609183210283588 0.565 0.0 -1.86253301 -1.8338903599999998 -0.46546241 -0.32990918999999996 1.71692564 1.75148 2.23815133 2.3619334 3.16756497 
0.17320508075688773 0.56666666 0.0 -1.8770940399999998 -1.8556168199999998 -0.46122382000000006 -0.3248154299999999 1.7134848599999999 1.7475532999999999 2.24740064 2.37234982 3.14519492 
0.17031832941093963 0.5683333399999999 0.0 -1.88870067 -1.8743644599999998 -0.4570165799999999 -0.3197572900000001 1.70976887 1.74327262 2.25701567 2.3830217300000003 3.12293556 
0.16743157806499148 0.5700000000000001 0.0 -1.89804723 -1.89023267 -0.45283056999999993 -0.3147240899999999 1.70577394 1.73864034 2.26697244 2.39393291 3.10081286 
0.16454482671904336 0.57166666 0.0 -1.90577102 -1.9035413 -0.44865452000000006 -0.30970367 1.70150643 1.73366986 2.2772568900000003 2.40507618 3.07886434 
0.16165807537309523 0.57333334 0.0 -1.91472673 -1.9123723099999999 -0.4444778600000001 -0.30468464000000006 1.6969705400000001 1.7283718700000001 2.2878511 2.41644031 3.05711899 
0.1587713240271471 0.575 0.0 -1.9242369400000001 -1.91821479 -0.4402963 -0.29966161 1.69216882 1.72275513 2.2987336899999997 2.42801077 3.0355999000000002 
0.15588457268119899 0.57666666 0.0 -1.93247041 -1.92355762 -0.43609220000000004 -0.294616 1.6871074799999999 1.7168313400000002 2.30988784 2.43977567 3.01432708 
0.15299782133525086 0.57833334 0.0 -1.9397416399999998 -1.92857367 -0.43185826000000005 -0.28954108 1.68179675 1.7106170600000001 2.32130114 2.45172796 2.9933398899999997 
0.1501110699893027 0.58 0.0 -1.9463039800000002 -1.93339309 -0.42758848000000005 -0.28442929000000006 1.67624 1.70412027 2.332951 2.46384983 2.9726485599999997 
0.1472243186433546 0.58166666 0.0 -1.95235484 -1.9381141999999998 -0.42328024 -0.27927616999999993 1.67044251 1.69735084 2.3448165100000002 2.4761230100000002 2.9522701 
0.1443375672974065 0.58333334 0.0 -1.9580221500000001 -1.9427871099999998 -0.41891783000000005 -0.27406740000000007 1.66441536 1.690324 2.3568841799999998 2.4885375 2.93222308 
0.1414508159514583 0.585 0.0 -1.96341243 -1.94745859 -0.41449304 -0.26879447999999995 1.65817235 1.68305774 2.36913996 2.5010791699999997 2.9125262999999997 
0.13856406460551018 0.58666666 0.0 -1.96862248 -1.9521801399999998 -0.41000411000000003 -0.26345383 1.6517079300000002 1.67554947 2.3815567900000003 2.51372209 2.89318794 
0.1356773132595621 0.58833334 0.0 -1.9737063799999999 -1.9569699200000001 -0.40546028 -0.25805144 1.64503076 1.66780986 2.39411574 2.52644532 2.87422325 
0.13279056191361394 0.59 0.0 -1.97871066 -1.96184709 -0.40084239999999993 -0.25257083999999996 1.63816019 1.65986199 2.4068063 2.53923234 2.85564564 
0.1299038105676658 0.59166666 0.0 -1.9836707599999999 -1.96682537 -0.39615018 -0.24701024000000005 1.6311015100000001 1.65171303 2.4196083 2.5520557999999998 2.8374665500000003 
0.1270170592217177 0.59333334 0.0 -1.98862511 -1.97192561 -0.39139813 -0.24138057000000002 1.62385379 1.64336361 2.4324960300000003 2.56487752 2.81969372 
0.12413030787576956 0.595 0.0 -1.9935715699999998 -1.9771329 -0.38654623 -0.23564778000000008 1.61644869 1.63484777 2.44546975 2.57767383 2.8023481400000003 
0.12124355652982143 0.59666666 0.0 -1.9985373599999998 -1.9824626799999998 -0.38161647 -0.22982951000000007 1.60888545 1.62616567 2.45849997 2.5903838400000003 2.7854275299999998 
0.1183568051838733 0.5983333399999999 0.0 -2.00353674 -1.9879198699999998 -0.37661188 -0.22392784 1.60117442 1.6173286999999998 2.47156712 2.60293392 2.76894089 
0.11547005383792518 0.6000000000000001 0.0 -2.00856543 -1.9934933899999998 -0.3715169599999999 -0.21792947000000007 1.59332889 1.60835168 2.48465765 2.6152187099999997 2.75290978 
0.11258330249197704 0.60166666 0.0 -2.0136412 -1.99919389 -0.36634082999999995 -0.21184113000000004 1.58535867 1.5992446299999998 2.49775231 2.62706171 2.73733865 
0.10969655114602891 0.60333334 0.0 -2.01876596 -2.00501795 -0.36108581000000006 -0.20566532000000004 1.57727568 1.5900206300000002 2.51081614 2.63813774 2.72223754 
0.1068097998000808 0.605 0.0 -2.02393548 -2.0109565 -0.3557520599999999 -0.19940223999999995 1.56909478 1.58069489 2.52382978 2.64787295 2.7076316499999997 
0.10392304845413264 0.6066666599999999 0.0 -2.02915649 -2.01701199 -0.35034783 -0.19305897000000005 1.56081789 1.5712701199999999 2.53674951 2.65519204 2.6935258600000003 
0.10103629710818454 0.60833334 0.0 -2.0344208 -2.02317284 -0.34485981999999993 -0.18662555999999997 1.55247416 1.56177624 2.54953969 2.65854208 2.67996877 
0.09814954576223639 0.61 0.0 -2.03972746 -2.02943425 -0.3393138499999999 -0.18012381 1.54406685 1.55221609 2.5621091700000003 2.65689756 2.6670223699999998 
0.09526279441628827 0.61166666 0.0 -2.04507804 -2.03579425 -0.3337118400000001 -0.17355579999999993 1.5356098 1.5426039999999999 2.5743039899999998 2.6510911999999998 2.65482481 
0.09237604307034014 0.61333334 0.0 -2.05045357 -2.0422316 -0.32804366000000007 -0.16691564000000003 1.52712007 1.53295866 2.58576493 2.64286062 2.64373495 
0.08948929172439202 0.615 0.0 -2.05585657 -2.04874511 -0.32233767 -0.16022851000000005 1.5186104 1.52329257 2.59538662 2.63348394 2.63482531 
0.08660254037844389 0.61666666 0.0 -2.0612769 -2.05532189 -0.3165837199999999 -0.15348684999999995 1.51009895 1.5136246500000001 2.5999585300000003 2.62366441 2.6312998299999997 
0.08371578903249574 0.61833334 0.0 -2.06670766 -2.06195197 -0.31079700999999993 -0.14670585999999997 1.50159882 1.50396876 2.5965891699999997 2.6137664000000003 2.63602888 
0.08082903768654764 0.62 0.0 -2.07213851 -2.0686220300000002 -0.30498314000000004 -0.13989260999999997 1.49312644 1.49434208 2.58890779 2.60399008 2.6453707399999997 
0.07794228634059952 0.62166666 0.0 -2.07756306 -2.07532234 -0.29915902000000005 -0.13306375000000004 1.48469702 1.48476098 2.58004851 2.59443795 2.65616028 
0.07505553499465137 0.62333334 0.0 -2.08296869 -2.08203702 -0.2933316400000001 -0.12622803999999999 1.47524384 1.47632784 2.5710275300000003 2.5851827800000002 2.66737249 
0.07216878364870324 0.625 0.0 -2.08876048 -2.08835345 -0.28750666999999996 -0.11939384000000008 1.46580425 1.46803136 2.56217282 2.57626168 2.67865771 
0.06928203230275509 0.62666666 0.0 -2.09546319 -2.09369125 -0.2817106600000001 -0.11258688000000006 1.4564705199999999 1.45983426 2.55360773 2.56769677 2.68985734 
0.06639528095680697 0.62833334 0.0 -2.1021366 -2.09897773 -0.27595119999999995 -0.10581763 1.44725499 1.45174679 2.5453937900000003 2.55950683 2.70089318 
0.06350852961085882 0.63 0.0 -2.10875497 -2.1041913 -0.27023694 -0.09909755999999992 1.43818411 1.44379444 2.53756519 2.55170664 2.7117246799999997 
0.06062177826491075 0.63166666 0.0 -2.11531733 -2.10933567 -0.2645887 -0.09244860999999993 1.42927485 1.43599137 2.5301267000000003 2.54429312 2.72230537 
0.05773502691896257 0.63333334 0.0 -2.12179744 -2.11438952 -0.25901971 -0.0858870599999999 1.42054938 1.42835747 2.52308879 2.53727321 2.73260821 
0.05484827557301444 0.635 0.0 -2.12817724 -2.11934008 -0.25354761000000003 -0.07943320999999992 1.41202921 1.42091156 2.51645069 2.5306445699999998 2.7426045400000003 
0.05196152422706635 0.6366666599999999 0.0 -2.13443503 -2.12417129 -0.2481820400000001 -0.07310050999999995 1.40373971 1.41367635 2.5102198099999997 2.52441399 2.75227819 
0.049074772881118195 0.63833334 0.0 -2.14055139 -2.12886991 -0.24295091000000002 -0.0669189400000001 1.39569994 1.4066674799999999 2.50438489 2.5185722100000003 2.76159666 
0.04618802153517004 0.64 0.0 -2.14650479 -2.1334209 -0.23786752 -0.06090587000000003 1.38793509 1.39990688 2.4989450900000003 2.51311819 2.7705421599999998 
0.04330127018922192 0.64166666 0.0 -2.15227389 -2.13780984 -0.23295285 -0.05508555000000004 1.38046865 1.39341451 2.4938952299999997 2.5080474500000003 2.77909209 
0.04041451884327382 0.6433333400000001 0.0 -2.15783495 -2.14202036 -0.22821713999999993 -0.049473609999999946 1.37332741 1.38721325 2.48923133 2.50335681 2.78723136 
0.03752776749732567 0.645 0.0 -2.16316888 -2.14604097 -0.22369324000000002 -0.04410508999999996 1.36652957 1.38131709 2.4849345 2.49903004 2.79492486 
0.034641016151377546 0.64666666 0.0 -2.16824569 -2.14984994 -0.2193893200000001 -0.03899403000000001 1.36010496 1.3757520300000001 2.4810190199999997 2.4950800099999997 2.80216836 
0.031754264805429394 0.64833334 0.0 -2.17303431 -2.15342444 -0.2153277899999999 -0.03416693000000004 1.35408132 1.37054166 2.47746947 2.4914933699999997 2.80893567 
0.02886751345948127 0.6499999999999999 0.0 -2.17753178 -2.15677029 -0.2115285 -0.029647729999999983 1.34847176 1.36569435 2.47427486 2.48825971 2.81520811 
0.025980762113533146 0.6516666600000001 0.0 -2.18170381 -2.15986192 -0.20801116000000008 -0.025460969999999916 1.34330469 1.36123404 2.47142728 2.48537254 2.8209635 
0.02309401076758505 0.65333334 0.0 -2.18552869 -2.16268642 -0.2047964 -0.02163121999999995 1.33860239 1.35717883 2.4689145999999997 2.48282107 2.82618016 
0.020207259421636897 0.655 0.0 -2.18897859 -2.165225 -0.20189801000000007 -0.018177670000000035 1.33438834 1.353548 2.4667376 2.48060585 2.8308482 
0.017320508075688773 0.65666666 0.0 -2.19203227 -2.16746507 -0.1993334900000001 -0.015122099999999916 1.33068534 1.3503602799999999 2.46488274 2.47871477 2.8349485899999998 
0.014433756729740649 0.65833334 0.0 -2.19466871 -2.169394 -0.1971258199999999 -0.012490310000000004 1.32750752 1.3476260199999999 2.4633403400000002 2.47713926 2.83845756 
0.011547005383792525 0.66 0.0 -2.19686626 -2.17099811 -0.19528918000000006 -0.010300849999999917 1.32487467 1.3453610999999999 2.4621009799999998 2.47587074 2.84135822 
0.008660254037844373 0.66166666 0.0 -2.19860492 -2.17226491 -0.1938373200000001 -0.008570439999999957 1.32280552 1.34358212 2.4611547700000003 2.47490025 2.8436412300000002 
0.005773502691896276 0.66333334 0.0 -2.19986642 -2.17318277 -0.19278518999999994 -0.0073169399999999385 1.32131352 1.3422995 2.46049177 2.4742187600000003 2.84528843 
0.002886751345948124 0.665 0.0 -2.20063398 -2.17374072 -0.19214573000000001 -0.006555529999999976 1.32041104 1.3415236 2.4601016600000003 2.4738168700000003 2.846286 
0.0 0.66666666 0.0 -2.20089274 -2.17392873 -0.19193032999999993 -0.00629922000000005 1.3201083599999999 1.34126331 2.45997401 2.4736851 2.84662121 
0.0 0.66666666 0.0 -2.20089274 -2.17392873 -0.19193032999999993 -0.00629922000000005 1.32010835 1.34126331 2.45997401 2.47368509 2.8466211599999998 
0.0 0.66 0.0 -2.19983557 -2.1731602 -0.19280958000000004 -0.007343069999999896 1.32133079 1.34231573 2.4604629 2.47419239 2.84525899 
0.0 0.65333334 0.0 -2.19662052 -2.17081767 -0.1954833199999999 -0.010508509999999971 1.32501299 1.3454917 2.4618702900000002 2.47566006 2.84112557 
0.0 0.64666666 0.0 -2.19121198 -2.16685991 -0.1999843400000001 -0.01581703999999995 1.33114235 1.35079215 2.46410472 2.4780044500000002 2.83416391 
0.0 0.64 0.0 -2.18361313 -2.16126477 -0.20631829999999995 -0.023251710000000037 1.33966126 1.35818467 2.4670718000000003 2.48113938 2.82434464 
0.0 0.63333334 0.0 -2.1738623 -2.15402812 -0.21445516999999992 -0.03275270000000008 1.35048097 1.36761481 2.47067414 2.48497597 2.8116741999999997 
0.0 0.62666666 0.0 -2.16202949 -2.14516433 -0.2243451700000001 -0.04423190999999993 1.36346593 1.37898895 2.47481115 2.4894230200000003 2.79617965 
0.0 0.62 0.0 -2.14821543 -2.13471049 -0.23591362999999999 -0.05757228999999997 1.37844776 1.39218493 2.47937856 2.49438698 2.77791802 
0.0 0.61333334 0.0 -2.13251968 -2.12269854 -0.24905818999999996 -0.07262868 1.39523738 1.40706308 2.48427283 2.49977755 2.75698414 
0.0 0.60666666 0.0 -2.11508879 -2.10920919 -0.26367176999999997 -0.08924899999999991 1.4136092900000001 1.42344646 2.48936322 2.50548253 2.73348841 
0.0 0.6 0.0 -2.09603263 -2.0942891 -0.27962025 -0.10725983000000006 1.43334895 1.44116854 2.49453595 2.51141096 2.70759226 
0.0 0.59333334 0.0 -2.07801813 -2.07548656 -0.29676251 -0.1264839900000001 1.45420837 1.46002517 2.4996458500000003 2.51745931 2.67948659 
0.0 0.58666666 0.0 -2.06048801 -2.05359034 -0.3149508000000001 -0.14674052999999998 1.47595013 1.47982195 2.5045175 2.5235252900000003 2.64943651 
0.0 0.58 0.0 -2.04179388 -2.03047854 -0.33404246000000004 -0.1678583600000001 1.49831597 1.5003383000000001 2.5088678399999997 2.52950127 2.61780683 
0.0 0.57333334 0.0 -2.02201436 -2.00626246 -0.35388518999999996 -0.18966514 1.52105565 1.52135834 2.51205642 2.53527805 2.58534579 
0.0 0.56666666 0.0 -2.00123534 -1.98105354 -0.3743196 -0.21198629000000002 1.54267343 1.54392701 2.51161009 2.5407473300000003 2.55468972 
0.0 0.56 0.0 -1.97954711 -1.95496019 -0.3952059400000001 -0.23466944999999995 1.5640625 1.56667748 2.49699918 2.5364868300000003 2.5457582800000003 
0.0 0.55333334 0.0 -1.95704901 -1.92809475 -0.41640381000000004 -0.2575664900000001 1.5853058 1.5890534299999999 2.46564163 2.53350354 2.55004577 
0.0 0.54666666 0.0 -1.9338227099999998 -1.90054728 -0.43778227000000003 -0.28054197000000003 1.60617295 1.61078938 2.42930428 2.53415554 2.55110814 
0.0 0.54 0.0 -1.90995276 -1.87240656 -0.45921560000000006 -0.30346925 1.62644107 1.63162026 2.39157214 2.5205726999999998 2.53507476 
0.0 0.53333334 0.0 -1.88551637 -1.8437523800000002 -0.48057353999999997 -0.32622288 1.64588803 1.65127398 2.35347023 2.4801536 2.5354956399999997 
0.0 0.52666666 0.0 -1.86059367 -1.8146639000000002 -0.50175094 -0.3487015600000001 1.6642729699999999 1.6694460100000001 2.31557505 2.4393567000000003 2.5351279499999997 
0.0 0.52 0.0 -1.8352571700000002 -1.78521111 -0.5226478000000001 -0.37081278000000006 1.68134241 1.68580223 2.2783784000000002 2.39884147 2.53381717 
0.0 0.51333334 0.0 -1.8095962600000002 -1.75547926 -0.54317082 -0.39247220000000005 1.6968336499999999 1.69997995 2.24238056 2.3590222599999997 2.5314607899999997 
0.0 0.50666666 0.0 -1.78366517 -1.72551832 -0.5632457099999999 -0.41361588000000005 1.71046381 1.71157343 2.20811234 2.3202984300000002 2.5279848300000003 
0.0 0.5 0.0 -1.7575298099999999 -1.69538973 -0.5827917899999999 -0.43417737999999995 1.72014039 1.72192711 2.17615019 2.2830952399999997 2.5233506500000003 
0.0 0.49333334 0.0 -1.73126025 -1.6651578699999998 -0.6017527899999999 -0.45411427000000004 1.7252143800000002 1.73087896 2.14708335 2.24786414 2.5175205800000002 
0.0 0.48666666 0.0 -1.7049224500000002 -1.63488172 -0.6200911600000001 -0.47340227999999995 1.72637034 1.73696658 2.12146906 2.2150751900000003 2.51047237 
0.0 0.48 0.0 -1.6785695500000002 -1.60461155 -0.63774968 -0.49200588999999995 1.7233418600000001 1.73986915 2.09975216 2.18520798 2.50221658 
0.0 0.47333334 0.0 -1.6522643600000002 -1.57440245 -0.65471228 -0.50992408 1.71608454 1.7393036 2.08212216 2.1586751 2.49276229 
0.0 0.46666666 0.0 -1.6260644499999999 -1.5443067199999998 -0.67096354 -0.52716056 1.70486335 1.73511178 2.06849046 2.13579163 2.48213446 
0.0 0.46 0.0 -1.6000246699999998 -1.5143734000000002 -0.68650107 -0.54373242 1.69025429 1.72732718 2.05844369 2.1166702600000002 2.47037403 
0.0 0.45333334 0.0 -1.57419509 -1.48464747 -0.70132906 -0.55966425 1.6730433 1.71622332 2.05138899 2.1012129 2.4575329200000002 
0.0 0.44666666 0.0 -1.5486235499999998 -1.45517393 -0.7154483899999999 -0.57498067 1.65409587 1.70229118 2.04666398 2.0891109500000002 2.4436786699999997 
0.0 0.44 0.0 -1.52335916 -1.4259975699999998 -0.72888613 -0.58972712 1.63424053 1.68617902 2.04362447 2.0798866499999997 2.4288831 
0.0 0.43333334 0.0 -1.49845534 -1.39716504 -0.74166734 -0.60395014 1.61420257 1.66859491 2.04172887 2.0730001700000003 2.41322338 
0.0 0.42666666 0.0 -1.47394938 -1.3687114299999998 -0.75381652 -0.6176958800000001 1.5946022800000001 1.65024102 2.0405769400000002 2.0679536499999998 2.39678942 
0.0 0.42 0.0 -1.44988276 -1.3406761999999999 -0.7653418999999999 -0.6309982199999999 1.57595455 1.63176284 2.0398641299999998 2.06429895 2.37967504 
0.0 0.41333334 0.0 -1.42630013 -1.3130989999999998 -0.77627405 -0.6439059199999999 1.55865385 1.61369655 2.03937022 2.06166471 2.36197604 
0.0 0.40666666 0.0 -1.4032367799999999 -1.28601419 -0.7866249700000001 -0.65645241 1.54302161 1.59649424 2.0389608299999997 2.05977772 2.34379616 
0.0 0.4 0.0 -1.38072728 -1.25945493 -0.7963937999999999 -0.6686593300000001 1.52931532 1.58052756 2.03856743 2.05844948 2.32523379 
0.0 0.39333334 0.0 -1.35881835 -1.2334644899999998 -0.8055740200000001 -0.6805401 1.51771781 1.56607696 2.03815945 2.0575494 2.3063789100000003 
0.0 0.38666666 0.0 -1.33752607 -1.2080642799999999 -0.8141249500000001 -0.6920778999999999 1.50837617 1.55337154 2.03775283 2.05700942 2.28736007 
0.0 0.38 0.0 -1.3168813199999998 -1.1832893100000001 -0.8220047399999999 -0.7032512200000001 1.5013802 1.54257268 2.03738174 2.05679364 2.26826493 
0.0 0.37333334 0.0 -1.29690276 -1.1591678600000002 -0.8291386000000001 -0.7140081 1.49678528 1.53379882 2.03711309 2.05690637 2.24919985 
0.0 0.36666666 0.0 -1.27759803 -1.1357249 -0.8354358 -0.7242796899999999 1.49460584 1.52712313 2.03705913 2.05739798 2.23026095 
0.0 0.36 0.0 -1.25898346 -1.11299875 -0.84077577 -0.7339632300000001 1.4948207 1.52257603 2.03728166 2.05827978 2.21155649 
0.0 0.35333334 0.0 -1.2410345500000002 -1.09100845 -0.84501118 -0.74292585 1.4973934 1.5201732 2.0379251 2.05963256 2.19319103 
0.0 0.34666666 0.0 -1.22373829 -1.06978806 -0.848001 -0.7510304299999999 1.50224315 1.5198876000000001 2.03910474 2.0615001399999997 2.17525768 
0.0 0.34 0.0 -1.2070600800000002 -1.0493713699999998 -0.8495866400000001 -0.7581084499999999 1.5092611599999999 1.52165968 2.04094154 2.0639194400000003 2.1578573 
0.0 0.33333334 0.0 -1.19095358 -1.0297945400000001 -0.84961456 -0.7639781400000001 1.51832855 1.5254259000000001 2.04359205 2.0669338699999997 2.14109799 
0.0 0.32666666 0.0 -1.1753798899999999 -1.0111104800000001 -0.84795098 -0.7684522300000001 1.529304 1.5311001 2.0471770400000002 2.07051301 2.12506078 
0.0 0.32 0.0 -1.1602883 -0.9933714299999998 -0.8444780199999999 -0.7713331999999999 1.5385877 1.5420355 2.05182224 2.0745760300000002 2.1098717899999997 
0.0 0.31333334 0.0 -1.1456455399999999 -0.9766443599999999 -0.8391119300000001 -0.7724305 1.54778792 1.55636266 2.05760378 2.07893827 2.0956968199999997 
0.0 0.30666666 0.0 -1.1314463099999998 -0.96100684 -0.8318167300000001 -0.7715806000000001 1.55859303 1.5721175600000001 2.06423261 2.0830263799999997 2.08323801 
0.0 0.3 0.0 -1.1177072099999998 -0.9465372700000001 -0.82259072 -0.7686456100000001 1.5709124399999999 1.5891471 2.06629672 2.07750945 2.0869745799999997 
0.0 0.29333334 0.0 -1.10448142 -0.93330954 -0.8114815799999999 -0.76354389 1.58465108 1.6072970500000001 2.05718139 2.08594952 2.0895284199999997 
0.0 0.28666666 0.0 -1.0918457799999999 -0.92137545 -0.79858042 -0.7562641400000001 1.59972903 1.6264317799999999 2.04759212 2.09046331 2.0978104 
0.0 0.28 0.0 -1.0798869500000001 -0.9107505199999999 -0.7840096700000001 -0.74686535 1.61608776 1.64644271 2.03909537 2.08983381 2.1116892 
0.0 0.27333334 0.0 -1.0687093500000002 -0.90142364 -0.76796014 -0.73552346 1.6336703099999998 1.6672337499999998 2.0319108999999997 2.0881269 2.1274556799999997 
0.0 0.26666666 0.0 -1.0583928999999999 -0.8933466999999999 -0.7506196 -0.7224421999999999 1.6524539200000001 1.68875303 2.02616089 2.08601181 2.14507914 
0.0 0.26 0.0 -1.04900927 -0.88646431 -0.7322120400000001 -0.7078833600000001 1.67242216 1.7109697499999998 2.02193086 2.0840761199999998 2.16450847 
0.0 0.25333334 0.0 -1.04060643 -0.8807187000000001 -0.7129692999999999 -0.69212104 1.6935813899999999 1.73388863 2.0192943899999998 2.08276153 2.18567846 
0.0 0.24666666 0.0 -1.0332319499999998 -0.8760751200000001 -0.69313903 -0.6754395900000001 1.7159437899999999 1.75753306 2.01831155 2.0823769800000003 2.20848305 
0.0 0.24 0.0 -1.02688165 -0.87249088 -0.67294283 -0.65808906 1.73954724 1.7819647 2.01905228 2.08315933 2.23280383 
0.0 0.23333334 0.0 -1.02157249 -0.8699577300000001 -0.6526097099999999 -0.6403181600000001 1.76442265 1.80724504 2.02155973 2.08526472 2.2584907000000003 
0.0 0.22666666 0.0 -1.01730387 -0.86847417 -0.63233791 -0.6223390799999999 1.79059786 1.83344058 2.02587571 2.0888147 2.28539169 
0.0 0.22 0.0 -1.01405018 -0.8680252900000001 -0.6123087300000001 -0.6043452899999999 1.8181225300000001 1.86064086 2.03204716 2.0939143600000003 2.31333902 
0.0 0.21333334 0.0 -1.01180949 -0.8686238799999999 -0.59268857 -0.5865140900000001 1.84701759 1.88891231 2.04008889 2.10062185 2.34214717 
0.0 0.20666666 0.0 -1.01055473 -0.8702666800000001 -0.5736098599999999 -0.56898965 1.87732031 1.91833119 2.05003028 2.10900143 2.3716599499999997 
0.0 0.2 0.0 -1.0102768599999998 -0.87296237 -0.5551923599999999 -0.5519046299999999 1.90901919 1.94892686 2.0618641699999998 2.11907385 2.40169265 
0.0 0.19333334 0.0 -1.0109431899999999 -0.87670085 -0.5375251299999999 -0.5353627400000001 1.9421315 1.98074733 2.0755955999999998 2.1308657699999998 2.43209265 
0.0 0.18666666 0.0 -1.01254467 -0.88148571 -0.5206827300000001 -0.51945441 1.9766361099999998 2.01379863 2.0912020499999997 2.1443714 2.4626941 
0.0 0.18 0.0 -1.01505556 -0.8873065499999999 -0.5047203 -0.5042516100000001 2.01250477 2.0480661600000003 2.1086618 2.15957386 2.49336606 
0.0 0.17333334 0.0 -1.01844666 -0.8941464800000001 -0.48981118999999995 -0.48967724999999995 2.04967552 2.08347501 2.12796421 2.17644548 2.5239469999999997 
0.0 0.16666666 0.0 -1.0226882499999999 -0.9019867699999999 -0.4761616500000001 -0.47556493999999994 2.08808237 2.11985504 2.14916682 2.19493451 2.55432723 
0.0 0.16 0.0 -1.0277514700000001 -0.91080531 -0.4633349 -0.46239772999999995 2.12762776 2.15654055 2.17276874 2.21497193 2.58438859 
0.0 0.15333334 0.0 -1.03359968 -0.9205711999999999 -0.4513396599999999 -0.45016758999999995 2.16818852 2.1899486 2.20213448 2.2364627500000003 2.61402503 
0.0 0.14666666 0.0 -1.0401921 -0.9312516099999999 -0.44017930000000005 -0.43886176 2.20959889 2.21765304 2.23947829 2.2593593800000003 2.64314856 
0.0 0.14 0.0 -1.0474775200000002 -0.94280093 -0.42984446 -0.42845584999999997 2.24465947 2.25156469 2.2794792399999997 2.28364748 2.67168211 
0.0 0.13333334 0.0 -1.05539805 -0.9551678400000001 -0.4203214500000001 -0.41892215999999993 2.2722608600000003 2.2931667 2.30990188 2.32049957 2.69944609 
0.0 0.12666666 0.0 -1.0638780799999998 -0.96828987 -0.41157774 -0.41021558999999996 2.30050927 2.32918105 2.34296221 2.3620978900000003 2.72648102 
0.0 0.12 0.0 -1.07283822 -0.9820988900000001 -0.4035976000000001 -0.4023088400000001 2.32922996 2.35754946 2.3844391 2.40399597 2.75266871 
0.0 0.11333334 0.0 -1.0821761799999998 -0.9965147700000001 -0.39634028 -0.3951511000000001 2.3581745300000003 2.38453666 2.4275480099999998 2.4459332700000003 2.77785993 
0.0 0.10666666 0.0 -1.0917480199999998 -1.01141681 -0.38977185999999997 -0.3886995200000001 2.38707545 2.41119327 2.47071737 2.48763924 2.8019241299999997 
0.0 0.1 0.0 -1.1014106099999998 -1.02669715 -0.38385281000000004 -0.38290694999999997 2.41561384 2.4374028599999997 2.51344271 2.5288120999999997 2.82452973 
0.0 0.09333334 0.0 -1.1109825899999999 -1.0422140999999998 -0.37855072999999995 -0.37773462999999996 2.44343517 2.46286491 2.55533812 2.5691257800000002 2.84494137 
0.0 0.08666666 0.0 -1.12023116 -1.0577752399999998 -0.3738145399999999 -0.3731262799999999 2.4701532 2.48721617 2.5960286200000002 2.60822195 2.86133135 
0.0 0.08 0.0 -1.12893935 -1.07319362 -0.36961387999999995 -0.3690473299999999 2.49535625 2.51005819 2.63511346 2.64570943 2.87055589 
0.0 0.07333334 0.0 -1.13683947 -1.0882093300000002 -0.36590564000000003 -0.36545150000000004 2.51866463 2.53102793 2.67219916 2.68121677 2.8719299300000003 
0.0 0.06666666 0.0 -1.14370582 -1.1025364 -0.36265378000000004 -0.3623004700000001 2.53969804 2.54977571 2.70699912 2.7145199900000003 2.8679466600000003 
0.0 0.06 0.0 -1.1493924999999998 -1.1158714600000001 -0.35983940000000003 -0.35957390999999994 2.5581024599999997 2.56600556 2.73873325 2.7447238 2.8647946099999997 
0.0 0.05333334 0.0 -1.1538123599999999 -1.1278482699999999 -0.35740222999999993 -0.35721081999999993 2.57369577 2.57959536 2.76746312 2.7720735899999998 2.8638415 
0.0 0.04666666 0.0 -1.1570558000000002 -1.1381744 -0.35532878999999995 -0.35519761000000005 2.58641073 2.59055889 2.7927893399999997 2.7962172 2.86467357 
0.0 0.04 0.0 -1.1592933300000001 -1.1466119799999999 -0.3535888199999999 -0.3535046399999999 2.59638173 2.59909758 2.81455254 2.81688181 2.8667881299999998 
0.0 0.03333334 0.0 -1.1607729400000002 -1.1530808000000001 -0.3521589300000001 -0.35210943000000006 2.6038473900000003 2.6054348899999997 2.83272448 2.8342628899999998 2.86981756 
0.0 0.02666666 0.0 -1.16174006 -1.15767563 -0.3510188000000001 -0.35099312000000005 2.60918909 2.61005325 2.84734795 2.8481979099999997 2.87333352 
0.0 0.02 0.0 -1.1623938699999998 -1.1606453700000001 -0.3501510299999999 -0.3501400800000001 2.61284189 2.61317722 2.85864281 2.85894812 2.87645035 
0.0 0.01333334 0.0 -1.162864 -1.1623396700000002 -0.3495417999999999 -0.3495385200000001 2.61510824 2.61521713 2.86633555 2.86646943 2.8790353399999997 
0.0 0.00666666 0.0 -1.16319538 -1.1631287399999999 -0.3491836399999999 -0.3491831700000001 2.61634516 2.61635942 2.8708943 2.87091294 2.88077 
0.0 0.0 0.0 -1.16333572 -1.16333565 -0.34906671 -0.34906649999999995 2.61672716 2.61686483 2.87237525 2.87248041 2.88139157 
