0.0 0.0 0.0 -1.50743834 -1.50741432 -1.50740355 -1.50739901 3.17766297 3.17766958 5.343337139999999 5.343351930000001 5.343387399999999 
0.0035712498694504707 0.0035712498694504707 0.0035712498694504707 -1.50739325 -1.50736449 -1.50711671 -1.5071121600000001 3.17662186 3.1766285099999996 5.3405330200000005 5.340544809999999 5.341774879999999 
0.007142492667833129 0.007142492667833129 0.007142492667833129 -1.5072600500000002 -1.50723114 -1.50624544 -1.5062408200000001 3.17352248 3.1735292399999997 5.3321618 5.33217389 5.33694766 
0.0107137425372836 0.0107137425372836 0.0107137425372836 -1.5070386800000002 -1.5070097500000001 -1.5047928400000001 -1.50478817 3.16837503 3.1683819 5.318365159999999 5.3183763200000005 5.3289559099999995 
0.014284985335666259 0.014284985335666259 0.014284985335666259 -1.50672884 -1.5066999 -1.50275899 -1.50275424 3.1611980099999997 3.1612050600000003 5.29937002 5.299379889999999 5.31787183 
0.017856235205116727 0.017856235205116727 0.017856235205116727 -1.5063304400000002 -1.50630149 -1.5001446500000002 -1.50013981 3.15201612 3.1520234699999996 5.275469579999999 5.27547794 5.30379134 
0.021427478003499388 0.021427478003499388 0.021427478003499388 -1.50584336 -1.5058144100000002 -1.49695175 -1.4969467900000002 3.14086085 3.14086849 5.24700541 5.24701314 5.286831579999999 
0.02499872787294986 0.02499872787294986 0.02499872787294986 -1.50526717 -1.5052382100000001 -1.4931804100000001 -1.4931752900000002 3.1277674299999996 3.12777552 5.214347889999999 5.2143558 5.26712468 
0.028569970671332517 0.028569970671332517 0.028569970671332517 -1.5046019700000002 -1.50457301 -1.4888339000000002 -1.48882859 3.1127800599999995 3.11278862 5.17788442 5.177893340000001 5.244818090000001 
0.032141220540782986 0.032141220540782986 0.032141220540782986 -1.5038476600000001 -1.5038186900000001 -1.48391235 -1.48390683 3.09594828 3.0959573899999997 5.138003489999999 5.13801385 5.22006579 
0.03571246333916565 0.03571246333916565 0.03571246333916565 -1.5030041600000001 -1.5029751900000001 -1.47841837 -1.47841259 3.0773248300000002 3.07733453 5.09507883 5.0950909499999995 5.19302553 
0.039283713208616115 0.039283713208616115 0.039283713208616115 -1.5020716 -1.50204263 -1.4723553500000002 -1.47234928 3.0569662600000003 3.05697665 5.0494653 5.04947917 5.163855979999999 
0.042854956006998776 0.042854956006998776 0.042854956006998776 -1.5010494200000002 -1.5010204500000002 -1.46572641 -1.46572002 3.03493657 3.0349452699999997 5.00149918 5.0015132300000005 5.13272229 
0.046426205876449245 0.046426205876449245 0.046426205876449245 -1.4999375400000001 -1.4999085600000002 -1.45853619 -1.4585294400000002 3.01128982 3.01130168 4.95147132 4.951489130000001 5.099758680000001 
0.0499974486748319 0.0499974486748319 0.0499974486748319 -1.49873618 -1.4987072000000001 -1.45079006 -1.4507829 2.9861014 2.98611408 4.899674899999999 4.899694500000001 5.06513496 
0.053568698544282374 0.053568698544282374 0.053568698544282374 -1.4974448500000002 -1.49741586 -1.44249486 -1.44248727 2.95943543 2.9594489699999995 4.846355689999999 4.8463769800000005 5.0289874999999995 
0.057139941342665035 0.057139941342665035 0.057139941342665035 -1.4960629600000002 -1.49603398 -1.43365592 -1.43364786 2.93136128 2.93137592 4.79174486 4.791766770000001 4.99145624 
0.0607111912121155 0.0607111912121155 0.0607111912121155 -1.4945907900000002 -1.4945618 -1.4242838500000001 -1.42427528 2.90194726 2.90196263 4.736036370000001 4.736060739999999 4.95266172 
0.06428243401049816 0.06428243401049816 0.06428243401049816 -1.4930273500000002 -1.49299836 -1.4143835100000002 -1.4143744 2.8712646299999998 2.8712811499999997 4.6794221700000005 4.67944906 4.912739159999999 
0.06785368387994864 0.06785368387994864 0.06785368387994864 -1.49137388 -1.4913448900000001 -1.40396882 -1.40395914 2.8393786700000003 2.83939584 4.6220528199999995 4.62207961 4.8717869 
0.0714249266783313 0.0714249266783313 0.0714249266783313 -1.4896284000000002 -1.48959941 -1.3930454 -1.3930351200000002 2.8063629399999996 2.8063814000000002 4.56408025 4.56410816 4.82992348 
0.07499617654778176 0.07499617654778176 0.07499617654778176 -1.48779148 -1.4877624900000002 -1.38162845 -1.3816175400000001 2.7722854100000003 2.77230477 4.5056298 4.50565907 4.78725006 
0.07856741934616442 0.07856741934616442 0.07856741934616442 -1.4858638100000001 -1.48583482 -1.3697326300000001 -1.3697210800000001 2.73721277 2.73723236 4.44681782 4.44684816 4.7438591599999995 
0.08213866921561488 0.08213866921561488 0.08213866921561488 -1.48384372 -1.4838147300000002 -1.35736728 -1.3573550600000002 2.7012142199999998 2.70123537 4.38774718 4.38777858 4.6998438 
0.08570991201399755 0.08570991201399755 0.08570991201399755 -1.4817320500000002 -1.48170306 -1.34454889 -1.3445359700000001 2.6643544500000003 2.6643769299999995 4.32850933 4.32854196 4.65528367 
0.08928116188344801 0.08928116188344801 0.08928116188344801 -1.47952971 -1.47950073 -1.3312937700000003 -1.33128014 2.6266961799999997 2.6267197299999996 4.2691849 4.26921837 4.6102545 
0.09285240468183067 0.09285240468183067 0.09285240468183067 -1.4772360100000002 -1.47720702 -1.3176187000000001 -1.31760434 2.58830266 2.58832737 4.20984762 4.20988166 4.56482954 
0.09642365455128116 0.09642365455128116 0.09642365455128116 -1.4748509200000002 -1.47482194 -1.3035387100000002 -1.3035236000000001 2.5492336900000003 2.5492592399999996 4.15056254 4.15059747 4.51907623 
0.0999948973496638 0.0999948973496638 0.0999948973496638 -1.4723747500000002 -1.47234577 -1.28907295 -1.28905708 2.50954725 2.50957396 4.0913877 4.09142377 4.4730571999999995 
0.10356614721911428 0.10356614721911428 0.10356614721911428 -1.4698073 -1.46977833 -1.2742381100000002 -1.27422147 2.46929979 2.46932753 4.03237547 4.03241245 4.42683012 
0.10713739001749692 0.10713739001749692 0.10713739001749692 -1.46714922 -1.4671202600000002 -1.2590526400000002 -1.25903522 2.4285463600000003 2.42857518 3.9735735500000002 3.9736113900000003 4.38045075 
0.1107086398869474 0.1107086398869474 0.1107086398869474 -1.4644008700000002 -1.46437191 -1.2435354800000002 -1.24351727 2.38733988 2.3873697099999998 3.91502472 3.9150634799999997 4.33397078 
0.11427988268533007 0.11427988268533007 0.11427988268533007 -1.46156471 -1.46153576 -1.2277059700000001 -1.2276869600000002 2.34572918 2.34576008 3.8567659 3.85680565 4.28743563 
0.11785113255478052 0.11785113255478052 0.11785113255478052 -1.45863714 -1.4586082 -1.21158163 -1.21156182 2.3037665899999995 2.30379848 3.79883495 3.79887567 4.24089551 
0.12142237535316319 0.12142237535316319 0.12142237535316319 -1.45562096 -1.4555920400000002 -1.1951822500000002 -1.1951616300000003 2.2614972599999996 2.2615301399999996 3.7412620800000003 3.74130378 4.1943905699999995 
0.12499362522261367 0.12499362522261367 0.12499362522261367 -1.45251696 -1.4524880500000001 -1.1785281000000003 -1.17850667 2.21896484 2.21899872 3.68407414 3.6841168599999996 4.14796061 
0.12856486802099631 0.12856486802099631 0.12856486802099631 -1.44932605 -1.4492971600000002 -1.1616365499999999 -1.1616143 2.1762137800000003 2.17624862 3.62729942 3.62734312 4.10164349 
0.1321361178904468 0.1321361178904468 0.1321361178904468 -1.44604927 -1.4460203900000002 -1.14452644 -1.1445033800000002 2.13328556 2.13332139 3.5709620199999996 3.57100682 4.05547467 
0.13570736068882944 0.13570736068882944 0.13570736068882944 -1.44268774 -1.4426588800000002 -1.1272149700000003 -1.1271911000000001 2.0902193799999997 2.09025613 3.51508357 3.51512944 4.0094878199999995 
0.13927861055827992 0.13927861055827992 0.13927861055827992 -1.43924231 -1.4392134600000002 -1.1097188500000001 -1.10969417 2.0470510399999995 2.0470887199999996 3.45968283 3.4597298 3.9637132 
0.1428498533566626 0.1428498533566626 0.1428498533566626 -1.4357151700000002 -1.4356863500000001 -1.0920579 -1.0920324100000003 2.00382019 2.0038587999999997 3.4047812100000003 3.4048292599999996 3.9181839299999996 
0.14642110322611304 0.14642110322611304 0.14642110322611304 -1.43210759 -1.43207879 -1.07424637 -1.07422007 1.9605598300000002 1.96059932 3.35039495 3.3504441099999998 3.8729273299999996 
0.1499923460244957 0.1499923460244957 0.1499923460244957 -1.42842226 -1.4283934900000002 -1.05630083 -1.05627372 1.9173012700000003 1.91734164 3.2965388200000003 3.29658911 3.8279696100000002 
0.1535635958939462 0.1535635958939462 0.1535635958939462 -1.42465886 -1.4246301300000002 -1.0382359700000001 -1.03820806 1.8740791000000003 1.8741203100000003 3.2432304499999995 3.2432818999999995 3.78333911 
0.15713483869232883 0.15713483869232883 0.15713483869232883 -1.4208205600000001 -1.42079186 -1.0200665 -1.0200377999999999 1.8309217999999996 1.8309638699999997 3.19048289 3.1905354599999995 3.7390596899999995 
0.16070608856177931 0.16070608856177931 0.16070608856177931 -1.4169095200000001 -1.41688085 -1.00180661 -1.00177711 1.7878580800000003 1.7879009799999999 3.13830965 3.1383633699999995 3.6951553400000003 
0.16427733136016195 0.16427733136016195 0.16427733136016195 -1.4129261800000001 -1.41289755 -0.98346723 -0.9834369400000003 1.7449150499999995 1.7449587399999995 3.08672378 3.0867786600000002 3.65165002 
0.16784858122961244 0.16784858122961244 0.16784858122961244 -1.4088769700000001 -1.40884837 -0.96506465 -0.96503359 1.7021176799999997 1.7021621600000003 3.0357360799999995 3.03579214 3.60856306 
0.1714198240279951 0.1714198240279951 0.1714198240279951 -1.4047628 -1.4047342500000002 -0.9466081800000001 -0.94657634 1.6594897699999995 1.65953501 2.9853574 2.98541463 3.56591532 
0.17499107389744556 0.17499107389744556 0.17499107389744556 -1.4005866100000002 -1.4005581100000002 -0.9281093600000001 -0.9280767700000001 1.6170544199999997 1.6171004 2.9355989200000003 2.93565732 3.52372776 
0.1785623166958282 0.1785623166958282 0.1785623166958282 -1.39635141 -1.39632295 -0.9095770600000002 -0.9095437099999999 1.57483576 1.5748824699999995 2.88647355 2.88653313 3.48202064 
0.18213356656527868 0.18213356656527868 0.18213356656527868 -1.39206007 -1.3920316700000002 -0.8910202100000002 -0.89098611 1.5328555999999995 1.53290301 2.83799326 2.8380540099999996 3.44081654 
0.18570480936366135 0.18570480936366135 0.18570480936366135 -1.38771731 -1.3876889700000001 -0.8724472000000003 -0.8724123700000002 1.4911333099999995 1.4911814100000003 2.7901674400000003 2.7902293699999996 3.40013132 
0.18927605923311183 0.18927605923311183 0.18927605923311183 -1.3833264 -1.3832981100000001 -0.8538654600000002 -0.8538298900000001 1.44968873 1.4497375000000003 2.7430072799999996 2.74307038 3.35998401 
0.1928473020314945 0.1928473020314945 0.1928473020314945 -1.37889151 -1.37886328 -0.8352818100000001 -0.83524552 1.4085399699999996 1.4085893899999995 2.6965232199999996 2.6965874899999998 3.32039231 
0.19641855190094493 0.19641855190094493 0.19641855190094493 -1.37441509 -1.37438692 -0.8167002400000003 -0.8166632599999999 1.36770471 1.3677547599999995 2.6507268999999996 2.6507923399999997 3.2813754 
0.1999897946993276 0.1999897946993276 0.1999897946993276 -1.3699045600000002 -1.3698764600000002 -0.79813065 -0.7980929699999999 1.3271993799999997 1.32725004 2.60562749 2.60569409 3.2429470499999997 
0.20356104456877808 0.20356104456877808 0.20356104456877808 -1.36536352 -1.36533549 -0.7795767100000002 -0.7795383400000002 1.2870404500000001 1.2870917100000003 2.56123718 2.5613049400000003 3.2051256299999995 
0.20713228736716074 0.20713228736716074 0.20713228736716074 -1.36079641 -1.3607684500000001 -0.7610434100000001 -0.7610043499999999 1.2472420599999996 1.2472938999999998 2.51756565 2.5176345499999995 3.1679273299999995 
0.21070353723661123 0.21070353723661123 0.21070353723661123 -1.35620783 -1.35617995 -0.7425288500000002 -0.7424891100000002 1.2078184900000002 1.2078708999999996 2.47462555 2.4746955999999996 3.13136833 
0.21427478003499384 0.21427478003499384 0.21427478003499384 -1.3516032 -1.3515754 -0.72403795 -0.7239975599999999 1.1687827300000002 1.16883567 2.4324274299999997 2.4324986099999997 3.09546428 
0.21784602990444432 0.21784602990444432 0.21784602990444432 -1.34698789 -1.34696017 -0.7055730600000003 -0.7055320100000002 1.1301472700000001 1.1302007400000003 2.3909829799999995 2.3910552899999997 3.0602307599999996 
0.221417272702827 0.221417272702827 0.221417272702827 -1.34236762 -1.34233998 -0.6871354100000002 -0.68709372 1.09192322 1.0919771999999996 2.35030361 2.3503770399999997 3.0256830800000003 
0.22498852257227747 0.22498852257227747 0.22498852257227747 -1.3377483200000002 -1.3377207700000002 -0.6687256600000002 -0.6686833400000003 1.0541221299999997 1.0541766099999998 2.31040194 2.31047649 2.9918363799999996 
0.22855976537066014 0.22855976537066014 0.22855976537066014 -1.33313609 -1.33310862 -0.65034378 -0.6503008399999999 1.0167546300000003 1.0168095900000003 2.27129098 2.27136663 2.9587055199999996 
0.23213101524011062 0.23213101524011062 0.23213101524011062 -1.32853706 -1.3285096900000002 -0.6319899900000001 -0.6319464400000001 0.9798306700000001 0.9798860999999999 2.23298344 2.23306019 2.92630475 
0.23570225803849323 0.23570225803849323 0.23570225803849323 -1.32395812 -1.32393084 -0.6136621400000002 -0.6136179900000003 0.9433593799999995 0.9434152500000001 2.19549346 2.1955713 2.89464903 
0.23927350790794372 0.23927350790794372 0.23927350790794372 -1.3194057 -1.31937851 -0.5953614200000001 -0.5953166900000002 0.9073461800000002 0.9074024999999999 2.15883365 2.15891257 2.86375171 
0.24284475070632638 0.24284475070632638 0.24284475070632638 -1.31488636 -1.31485927 -0.57708351 -0.5770382000000001 0.8718019999999997 0.8718587399999995 2.1230203100000002 2.1231003 2.8336291099999995 
0.24641600057577687 0.24641600057577687 0.24641600057577687 -1.31040709 -1.3103801000000002 -0.5588273500000001 -0.5587814799999999 0.83673295 0.8367901099999999 2.08806765 2.0881486999999996 2.80429422 
0.24998724337415953 0.24998724337415953 0.24998724337415953 -1.30597518 -1.30594829 -0.5405901100000001 -0.5405436800000003 0.8021458199999998 0.8022033799999999 2.05399145 2.05407355 2.7757609700000003 
0.25355849324360996 0.25355849324360996 0.25355849324360996 -1.3015978700000002 -1.30157109 -0.5223686999999999 -0.5223217300000003 0.7680462400000003 0.7681041999999998 2.02080784 2.02089098 2.7480430899999995 
0.25712973604199263 0.25712973604199263 0.25712973604199263 -1.2972825399999999 -1.29725585 -0.5041592500000003 -0.5041117600000002 0.7344393399999998 0.7344976799999996 1.9885334299999995 1.9886175899999996 2.72115407 
0.2607009859114431 0.2607009859114431 0.2607009859114431 -1.2930368300000001 -1.29301025 -0.4859583299999999 -0.4859103300000003 0.7013295800000003 0.7013882799999998 1.9571850599999996 1.9572702399999997 2.6951069 
0.26427222870982575 0.26427222870982575 0.26427222870982575 -1.28886822 -1.28884174 -0.46776112999999997 -0.4677126300000003 0.6687208 0.6687798699999998 1.9267806599999995 1.9268668399999997 2.66991496 
0.26784347857927626 0.26784347857927626 0.26784347857927626 -1.2847840000000001 -1.2847576200000002 -0.4495614400000001 -0.4495124500000003 0.6366163600000001 0.63667579 1.89733866 1.8974258199999996 2.64559153 
0.2714147213776589 0.2714147213776589 0.2714147213776589 -1.2807920900000003 -1.28076582 -0.4313561100000003 -0.43130665000000024 0.6050169899999998 0.6050767599999998 1.8688768199999997 1.8689649499999996 2.6221489399999998 
0.2749859712471094 0.2749859712471094 0.2749859712471094 -1.2768999500000002 -1.2768737800000003 -0.4131380899999999 -0.4130881799999999 0.5739259999999997 0.5739861099999999 1.8414155 1.8415045799999996 2.5995998899999995 
0.27855721404549205 0.27855721404549205 0.27855721404549205 -1.2731151600000001 -1.27308909 -0.39490216 -0.39485181999999996 0.54334368 0.5434041199999999 1.8149741700000002 1.8150641800000002 2.5779565499999997 
0.2821284639149425 0.2821284639149425 0.2821284639149425 -1.2694459400000002 -1.26941997 -0.3766413000000002 -0.37659054999999997 0.5132695300000001 0.5133302999999998 1.78957268 1.7896636099999998 2.55723079 
0.2856997067133252 0.2856997067133252 0.2856997067133252 -1.2658993400000003 -1.26587346 -0.3583480200000002 -0.35829688000000015 0.48370325000000003 0.48376434999999995 1.7652315199999995 1.7653233400000001 2.5374342800000003 
0.28927095658277563 0.28927095658277563 0.28927095658277563 -1.2624826000000002 -1.2624568200000001 -0.34001458000000007 -0.3399630899999999 0.45464285999999987 0.45470428000000007 1.7419711900000001 1.74206387 2.5185781899999995 
0.2928421993811583 0.2928421993811583 0.2928421993811583 -1.25920297 -1.2591772800000003 -0.3216316400000001 -0.32157981000000024 0.4260865199999997 0.4261482700000001 1.7198127999999997 1.7199063199999998 2.50067371 
0.29641344925060875 0.29641344925060875 0.29641344925060875 -1.2560677300000003 -1.25604213 -0.3031921799999999 -0.30314006000000004 0.39803162999999975 0.3980937 1.6987769300000002 1.6988712599999998 2.4837313099999996 
0.2999846920489914 0.2999846920489914 0.2999846920489914 -1.25308376 -1.25305825 -0.28468654000000004 -0.2846341400000001 0.37047111999999993 0.37053351999999995 1.67888387 1.67897899 2.4677608199999996 
0.3035559419184419 0.3035559419184419 0.3035559419184419 -1.25025758 -1.25023215 -0.2661047500000002 -0.2660521300000003 0.34340108 0.34346381999999975 1.6601544500000003 1.6602503200000003 2.45277191 
0.30712718471682454 0.30712718471682454 0.30712718471682454 -1.2475956400000001 -1.2475703 -0.24743723000000006 -0.24738441999999994 0.3168158499999998 0.31687895 1.6426094999999998 1.64270608 2.4387741700000003 
0.310698434586275 0.310698434586275 0.310698434586275 -1.2451044700000002 -1.2450792000000002 -0.2286747600000001 -0.2286218200000003 0.29070788999999975 0.2907713799999998 1.6262687700000003 1.6263660299999998 2.4257760299999997 
0.31426967738465766 0.31426967738465766 0.31426967738465766 -1.2427892700000003 -1.2427640600000003 -0.20980479000000019 -0.20975180000000027 0.2650699799999998 0.26513389 1.6111513999999998 1.61124929 2.41378569 
0.3178409272541081 0.3178409272541081 0.3178409272541081 -1.2406555 -1.24063036 -0.1908167999999999 -0.1907638300000003 0.23989612000000005 0.23996049000000008 1.597277 1.5973754800000002 2.40281197 
0.3214121700524908 0.3214121700524908 0.3214121700524908 -1.2387087600000002 -1.2386836800000003 -0.17170034000000012 -0.17164749000000024 0.21517702000000005 0.21524191999999998 1.5846625200000002 1.5847615399999997 2.3928613299999997 
0.3249834199219413 0.3249834199219413 0.3249834199219413 -1.2369536700000001 -1.2369286500000003 -0.1524466600000003 -0.1523940800000001 0.1909052899999999 0.1909708000000001 1.57332452 1.57342404 2.38393927 
0.3285546627203239 0.3285546627203239 0.3285546627203239 -1.23539546 -1.2353704800000003 -0.1330473699999999 -0.13299524000000007 0.16707495999999988 0.1671412499999998 1.5632786899999997 1.5633786499999998 2.37605251 
0.3321259125897744 0.3321259125897744 0.3321259125897744 -1.23403711 -1.2340121800000001 -0.11349679000000013 -0.11344536999999999 0.14368340999999996 0.1437507 1.5545398199999996 1.5546401799999998 2.3692066599999997 
0.3356971553881571 0.3356971553881571 0.3356971553881571 -1.2328814399999999 -1.2328565400000002 -0.09379796000000029 -0.09374766000000001 0.12073592 0.12080457999999972 1.5471205699999997 1.5472212599999997 2.36340662 
0.33926840525760754 0.33926840525760754 0.33926840525760754 -1.23193244 -1.2319075700000002 -0.0739735399999999 -0.0739250600000001 0.09825413999999988 0.09832480999999982 1.5410310200000001 1.5411319900000002 2.3586553099999996 
0.3428396480559902 0.3428396480559902 0.3428396480559902 -1.2311919100000002 -1.2311670600000002 -0.05409051999999992 -0.054045149999999875 0.07630745999999977 0.0763814199999997 1.5362807700000003 1.53638196 2.35495667 
0.34641089792544066 0.34641089792544066 0.34641089792544066 -1.2306618500000002 -1.23063702 -0.034372290000000305 -0.03433301000000011 0.055120029999999876 0.05520020999999975 1.5328771799999998 1.5329785300000003 2.35231336 
0.34998214072382333 0.34998214072382333 0.34998214072382333 -1.23034358 -1.2303187600000003 -0.015800710000000162 -0.015775960000000033 0.03567425000000002 0.03576917000000002 1.5308258199999996 1.5309272700000003 2.35072716 
0.3535533905932738 0.3535533905932738 0.3535533905932738 -1.2302378800000002 -1.23021306 -0.005276740000000224 -0.00527306999999988 0.024869729999999812 0.024989170000000005 1.5301297299999996 1.5302312100000002 2.35019916 
0.3535533905932738 0.3535533905932738 0.3535533905932738 -1.2302378800000002 -1.23021306 -0.005276740000000224 -0.00527306999999988 0.024869729999999812 0.024989170000000005 1.5301297299999996 1.5302312100000002 2.35019916 
0.35712464046272424 0.34998214072382333 0.34998214072382333 -1.2321026800000001 -1.23207777 -0.02106166999999992 -0.021034639999999882 0.04107240999999995 0.041167520000000124 1.5321353699999998 1.5322366599999997 2.3518474400000002 
0.3606958832611069 0.3464108979254407 0.34641089792544066 -1.2376215900000003 -1.23759642 -0.046336070000000174 -0.04630193000000027 0.06760676999999982 0.0676947499999998 1.5381127399999999 1.5382134899999995 2.35677851 
0.36426713313055736 0.34283964805599026 0.3428396480559902 -1.24661629 -1.2465906800000002 -0.07326217999999995 -0.07322796000000009 0.09659810000000002 0.09668608000000001 1.54796682 1.5480667099999996 2.3649688700000002 
0.36783837592894003 0.33926840525760754 0.33926840525760754 -1.2588054200000003 -1.25877924 -0.10135494000000023 -0.10132224000000001 0.12750576999999996 0.12759556000000005 1.5615491500000003 1.5616479099999996 2.3763821800000002 
0.3714096257983905 0.3356971553881571 0.3356971553881571 -1.2738247400000002 -1.2737979 -0.13071315000000006 -0.13068203 0.16036325000000007 0.16045526 1.5786693099999995 1.5787666900000001 2.3909709799999996 
0.37498086859677315 0.33212591258977436 0.3321259125897744 -1.2912588500000002 -1.2912312900000003 -0.16147326000000017 -0.1614432400000001 0.1952388599999999 0.1953330099999997 1.5991039000000002 1.5991996999999998 2.4086723 
0.37855211846622366 0.3285546627203239 0.3285546627203239 -1.3106701000000003 -1.3106418400000002 -0.1937248199999999 -0.19369521999999995 0.2321566599999998 0.2322526899999997 1.6226105200000003 1.6227045999999996 2.4294101 
0.3821233612646063 0.3249834199219413 0.3249834199219413 -1.331629 -1.33160006 -0.22749507000000024 -0.2274652399999999 0.2710895 0.2711871000000001 1.64893994 1.64903216 2.4530963100000003 
0.3856946111340568 0.32141217005249073 0.3214121700524908 -1.35374693 -1.3537173900000001 -0.2627581700000001 -0.26272755000000014 0.3119676199999999 0.31206648999999986 1.6778458799999996 1.6779361699999997 2.4796317500000002 
0.38926585393243945 0.3178409272541081 0.3178409272541081 -1.3766971300000002 -1.3766670600000002 -0.2994457600000002 -0.29941397000000025 0.3546913300000001 0.35479119999999975 1.70909188 1.7091802099999995 2.50890637 
0.3928371038018899 0.31426967738465766 0.31426967738465766 -1.40023091 -1.4002003900000002 -0.33745987999999993 -0.3374266800000001 0.3991440100000001 0.3992446599999999 1.74245815 1.7425444900000002 2.5408020000000002 
0.3964083466002726 0.31069843458627505 0.310698434586275 -1.4241790300000001 -1.42414813 -0.3766839900000001 -0.37664922999999995 0.4452005899999998 0.44530182000000007 1.7777435700000002 1.77782793 2.5751924600000002 
0.39997959646972303 0.3071271847168246 0.30712718471682454 -1.44844375 -1.44841252 -0.41699255000000024 -0.41695619000000006 0.4927350800000001 0.49283674 1.8147677199999999 1.81485012 2.61194582 
0.4035508392681057 0.3035559419184419 0.3035559419184419 -1.47297878 -1.47294726 -0.4582562000000001 -0.4582182600000002 0.54162562 0.5417275999999998 1.8533709900000002 1.8534514699999995 2.65092556 
0.40712208913755615 0.2999846920489914 0.2999846920489914 -1.4977772900000001 -1.4977454700000001 -0.5003477900000002 -0.5003083200000003 0.5917560599999998 0.5918582699999999 1.8934130499999995 1.8934916499999996 2.6919914499999997 
0.4106933319359388 0.2964134492506087 0.29641344925060875 -1.52284857 -1.52281646 -0.54314295 -0.5431020200000001 0.6430172599999997 0.6431196299999997 1.9347720399999995 1.93484883 2.73500309 
0.4142645818053893 0.29284219938115824 0.2928421993811583 -1.54821007 -1.5481776500000002 -0.5865245900000002 -0.5864823000000001 0.6953096499999996 0.6954121300000002 1.9773423399999999 1.9774173499999996 2.7798191 
0.41783582460377194 0.28927095658277563 0.28927095658277563 -1.5738789100000001 -1.57384618 -0.6303832000000003 -0.6303396600000002 0.7485415399999997 0.7486440999999999 2.0210317900000003 2.02110508 2.82629746 
0.4214070744732224 0.2856997067133252 0.2856997067133252 -1.5998661 -1.59983304 -0.6746167700000001 -0.6745720799999999 0.8026300600000003 0.8027326800000001 2.0657614300000002 2.06583305 2.8742997 
0.42497831727160507 0.28212846391494256 0.2821284639149425 -1.6261772 -1.6261437900000002 -0.7191316699999999 -0.7190859299999999 0.8574989799999999 0.8576016199999996 2.1114625799999995 2.1115325899999995 2.92369127 
0.4285495671410555 0.2785572140454921 0.27855721404549205 -1.65281071 -1.65277694 -0.7638419999999999 -0.7637953400000002 0.9130792400000001 0.9131819099999996 2.1580748400000003 2.15814328 2.97433983 
0.4321208099394382 0.2749859712471094 0.2749859712471094 -1.67975815 -1.67972402 -0.8086687800000001 -0.8086213 0.9693081999999995 0.9694108899999998 2.2055453299999996 2.20561223 3.02611833 
0.4356920598088887 0.27141472137765893 0.2714147213776589 -1.70700665 -1.7069721500000001 -0.8535412300000003 -0.85349304 1.0261272899999998 1.02622999 2.2538249299999995 2.25389034 3.0789001999999996 
0.4392633026072713 0.2678434785792762 0.26784347857927626 -1.73453842 -1.7345035400000002 -0.8983942900000002 -0.8983454900000001 1.08348334 1.08358605 2.30287054 2.30293449 3.13256697 
0.4428345524767218 0.26427222870982575 0.26427222870982575 -1.76233193 -1.76229669 -0.9431685600000002 -0.94311926 1.1413270300000002 1.1414297399999995 2.3526420999999997 2.35270463 3.1870035999999997 
0.4464057952751045 0.26070098591144303 0.2607009859114431 -1.7903636 -1.79032799 -0.98781111 -0.9877614000000001 1.1996138299999997 1.1997165499999998 2.4031025 2.40316363 3.2420994499999995 
0.44997704514455494 0.2571297360419926 0.25712973604199263 -1.81860762 -1.81857165 -1.03227284 -1.0322228300000003 1.2583016100000002 1.2584043500000002 2.4542170199999997 2.45427678 3.2977484099999996 
0.4535482879429376 0.25355849324360996 0.25355849324360996 -1.84703898 -1.8470026700000002 -1.07651041 -1.0764601800000002 1.3173487799999997 1.3174515399999995 2.5059489399999997 2.50600735 3.3538464899999996 
0.457119537812388 0.2499872433741595 0.24998724337415953 -1.87562739 -1.87559073 -1.12048295 -1.12043259 1.3767204799999995 1.37682326 2.5582700899999997 2.55832717 3.4102998099999997 
0.46069078061077073 0.2464160005757769 0.24641600057577687 -1.9043479600000002 -1.90431098 -1.1641557200000001 -1.16410531 1.4363803600000002 1.43648315 2.61114802 2.6112038 3.46701338 
0.4642620304802212 0.24284475070632644 0.24284475070632638 -1.9331723900000002 -1.9331351 -1.20749553 -1.2074451600000002 1.4962951999999996 1.49639803 2.6645527199999997 2.66460721 3.5238968899999996 
0.46783327327860386 0.23927350790794372 0.23927350790794372 -1.96207473 -1.96203715 -1.25047212 -1.25042185 1.5564309099999996 1.5565337599999998 2.7184519299999996 2.7185051600000003 3.58086354 
0.47140452314805437 0.23570225803849326 0.23570225803849323 -1.99102884 -1.99099098 -1.2930581400000003 -1.29300806 1.6167561399999997 1.6168590199999997 2.77281535 2.7728673400000003 3.6378293499999996 
0.474975765946437 0.23213101524011065 0.23213101524011062 -2.02000946 -2.01997134 -1.33522989 -1.33518006 1.6772398099999997 1.6773427099999996 2.82761162 2.8276623799999996 3.6947119600000002 
0.47854701581588743 0.22855976537066008 0.22855976537066014 -2.04899201 -2.04895364 -1.3769645700000002 -1.3769150600000002 1.73785144 1.7379543699999997 2.8828095099999995 2.8828590800000002 3.7514347 
0.4821182586142701 0.22498852257227747 0.22498852257227747 -2.07795299 -2.0779144 -1.4182415700000002 -1.41819242 1.7985607000000003 1.7986636599999999 2.93837673 2.9384251299999997 3.80792088 
0.4856895084837206 0.22141727270282702 0.221417272702827 -2.10686921 -2.10683042 -1.4590422900000002 -1.4589935900000002 1.8593382399999996 1.8594412399999998 2.9942807 2.9943279699999996 3.86409597 
0.4892607512821032 0.2178460299044443 0.21784602990444432 -2.1357201100000003 -2.13568114 -1.4993501900000001 -1.4993019600000002 1.9201524599999997 1.9202554899999997 3.0504858299999995 3.0505320099999995 3.9198862500000002 
0.49283200115155373 0.21427478003499384 0.21427478003499384 -2.1644824600000003 -2.16444332 -1.53914931 -1.5391016100000001 1.9809742200000002 1.98107728 3.10695753 3.10700266 3.97522 
0.49640324394993635 0.21070353723661123 0.21070353723661123 -2.19313846 -2.19309918 -1.5784258400000002 -1.5783787 2.04177288 2.0418759799999995 3.16365859 3.16370273 4.03002706 
0.49997449381938686 0.20713228736716077 0.20713228736716074 -2.22167165 -2.22163225 -1.61716992 -1.6171233900000002 2.10251684 2.10261999 3.22054784 3.2205910700000002 4.08423413 
0.5035457366177695 0.20356104456877805 0.20356104456877808 -2.2500574 -2.25001789 -1.6553639 -1.65531801 2.1631760799999995 2.16327929 3.27758589 3.27762831 4.13777262 
0.50711698648722 0.1999897946993276 0.1999897946993276 -2.27828133 -2.2782417400000003 -1.6929997600000002 -1.6929545400000001 2.22371859 2.22382185 3.33472732 3.3347690299999995 4.19057092 
0.5106882292856026 0.19641855190094487 0.19641855190094493 -2.3063267 -2.30628704 -1.7300674600000001 -1.73002294 2.2841118700000003 2.2842151900000003 3.3919239599999997 3.3919650800000003 4.24255724 
0.5142594791550531 0.19284730203149453 0.1928473020314945 -2.3341774400000004 -2.33413773 -1.76655774 -1.7665139300000001 2.34432241 2.3444258099999997 3.44912347 3.4491641399999997 4.29365815 
0.5178307219534357 0.1892760592331118 0.18927605923311183 -2.36181872 -2.36177898 -1.80246237 -1.80241928 2.40431637 2.40441986 3.5062684600000003 3.5063088999999996 4.34379862 
0.5214019718228862 0.18570480936366135 0.18570480936366135 -2.38923524 -2.38919548 -1.83777297 -1.83773062 2.46405852 2.46416212 3.5632956399999998 3.5633360400000003 4.39290112 
0.5249732146212689 0.18213356656527874 0.18213356656527868 -2.4164137 -2.41637394 -1.87248293 -1.87244132 2.52351089 2.52361461 3.6201326 3.6201732399999997 4.44088266 
0.5285444644907193 0.17856231669582817 0.1785623166958282 -2.4433401000000003 -2.4433003500000003 -1.9065851100000002 -1.9065442400000001 2.58263524 2.5827391200000003 3.6766977 3.6767389 4.48765848 
0.5321157072891021 0.17499107389744556 0.17499107389744556 -2.4700034200000003 -2.4699637 -1.94007396 -1.9400338300000002 2.6413945400000003 2.6414986000000003 3.73290258 3.73294468 4.53314534 
0.5356869571585525 0.1714198240279951 0.1714198240279951 -2.49638741 -2.49634772 -1.9729410900000002 -1.9729016700000002 2.69974779 2.6998520599999996 3.78864233 3.78868573 4.57724843 
0.5392581999569351 0.16784858122961238 0.16784858122961244 -2.5224819 -2.52244225 -2.00518287 -2.00514415 2.7576534199999996 2.7577579500000002 3.8437965499999995 3.8438416799999997 4.61987524 
0.5428294498263856 0.16427733136016193 0.16427733136016195 -2.54827477 -2.54823518 -2.0367926499999998 -2.0367546 2.8150677899999996 2.81517263 3.8982241699999998 3.8982715700000004 4.6609305800000005 
0.5464006926247682 0.16070608856177931 0.16070608856177931 -2.57375459 -2.57371507 -2.06776513 -2.06772773 2.871945 2.8720501899999995 3.95175957 3.9518098100000003 4.7003217799999994 
0.5499719424942188 0.15713483869232886 0.15713483869232883 -2.59890976 -2.59887031 -2.09809559 -2.09805879 2.92823765 2.92834329 4.00420788 4.00426158 4.73796632 
0.5535431852926014 0.15356359589394625 0.1535635958939462 -2.62373022 -2.62369085 -2.12777965 -2.12774342 2.98389435 2.98400046 4.0553363 4.05539412 4.7737982500000005 
0.5571144351620518 0.14999234602449568 0.1499923460244957 -2.64820292 -2.64816362 -2.1568121500000004 -2.15677645 3.0388648099999997 3.0389714999999997 4.10487365 4.1049363 4.807789189999999 
0.5606856779604346 0.14642110322611307 0.14642110322611304 -2.6723186500000002 -2.67227943 -2.18519058 -2.18515535 3.09309355 3.09320094 4.15249763 4.15256593 4.839961860000001 
0.564256927829885 0.14284985335666261 0.1428498533566626 -2.69606587 -2.69602674 -2.21291041 -2.21287561 3.14652287 3.1466310899999996 4.1978351 4.19790974 4.87041913 
0.5678281706282676 0.1392786105582799 0.13927861055827992 -2.71943409 -2.71939505 -2.2399682 -2.2399337700000004 3.1990909199999997 3.19920004 4.24046012 4.24054183 4.899367379999999 
0.5713994204977182 0.13570736068882944 0.13570736068882944 -2.74241248 -2.74237352 -2.26636053 -2.2663264200000004 3.2507319900000002 3.25084222 4.27990353 4.27999298 4.92713814 
0.5749706632961008 0.13213611789044682 0.1321361178904468 -2.76499034 -2.76495145 -2.29208437 -2.29205051 3.3013768299999997 3.30148842 4.3156756199999995 4.31577317 4.954195970000001 
0.5785419131655513 0.12856486802099631 0.12856486802099631 -2.7871565 -2.78711768 -2.31713657 -2.3171029 3.35095058 3.3510636499999995 4.34730336 4.34740913 4.98111344 
0.5821131559639339 0.12499362522261365 0.12499362522261367 -2.8089010400000003 -2.80886229 -2.3415154 -2.34148187 3.3993717099999996 3.3994865699999997 4.3743853999999995 4.37449907 5.00851954 
0.5856844058333843 0.12142237535316319 0.12142237535316319 -2.83021503 -2.83017634 -2.3652201 -2.36518665 3.44655193 3.44666884 4.39665645 4.39677729 5.03702266 
0.589255648631767 0.11785113255478052 0.11785113255478052 -2.85108439 -2.85104576 -2.38824638 -2.3882129500000002 3.4923962900000003 3.49251561 4.41404511 4.4141718899999995 5.06712819 
0.5928268985012175 0.11427988268533007 0.11427988268533007 -2.8714970500000003 -2.87145846 -2.41059078 -2.41055733 3.5367991500000002 3.53692124 4.4267021799999995 4.42683325 5.099171289999999 
0.5963981412996002 0.1107086398869474 0.1107086398869474 -2.89144464 -2.8914060900000003 -2.43225408 -2.4322205500000003 3.5796428999999996 3.57976822 4.43499239 4.43512602 5.13328645 
0.5999693911690507 0.10713739001749695 0.10713739001749692 -2.91091464 -2.91087612 -2.4532331800000002 -2.45319952 3.6207987900000003 3.62092785 4.43945721 4.4395915 5.169430309999999 
0.6035406339674333 0.10356614721911428 0.10356614721911428 -2.92989554 -2.92985703 -2.47352658 -2.47349275 3.6601254999999995 3.66025885 4.4407555599999995 4.44088868 5.207419419999999 
0.6071118838368839 0.09999489734966377 0.09999489734966377 -2.94837624 -2.94833773 -2.49313363 -2.4930996 3.6974658600000003 3.69760415 4.43960125 4.43973149 5.2469797499999995 
0.6106831266352664 0.09642365455128116 0.09642365455128116 -2.96634558 -2.96630707 -2.51205305 -2.51201877 3.73264687 3.73279078 4.43671582 4.43684161 5.28779548 
0.6142543765047168 0.0928524046818307 0.0928524046818307 -2.98379318 -2.9837546600000002 -2.5302849 -2.53025036 3.76548164 3.7656319299999996 4.43279571 4.43291562 5.329537569999999 
0.6178256193030995 0.08928116188344798 0.08928116188344798 -3.00070447 -3.0006659200000003 -2.54782695 -2.5477921 3.7957734499999995 3.7959308600000004 4.42849208 4.42860485 5.371894360000001 
0.62139686917255 0.08570991201399752 0.08570991201399752 -3.0170702 -3.01703161 -2.56468061 -2.56464544 3.8233227000000003 3.8234879499999996 4.42439699 4.42450154 5.4145644399999995 
0.6249681119709327 0.08213866921561491 0.08213866921561491 -3.0328782100000002 -3.03283958 -2.5808444 -2.5808089 3.8479399999999995 3.8481137 4.42103317 4.42112861 5.45728046 
0.6285393618403832 0.0785674193461644 0.0785674193461644 -3.0481155500000003 -3.04807687 -2.59631751 -2.59628167 3.869465 3.8696475999999995 4.41884099 4.41892669 5.499793219999999 
0.6321106046387659 0.07499617654778173 0.07499617654778173 -3.06277387 -3.06273513 -2.61110107 -2.61106487 3.8877858400000003 3.8879775299999997 4.41816237 4.4182380199999995 5.5418775700000005 
0.6356818545082163 0.07142492667833128 0.07142492667833128 -3.07683891 -3.07680009 -2.6251934400000003 -2.62515688 3.90286764 3.90306831 4.41922635 4.41929198 5.58332626 
0.6392530973065988 0.06785368387994867 0.06785368387994867 -3.09030027 -3.09026137 -2.6385954000000003 -2.6385584900000003 3.9147660999999996 3.91497531 4.42213603 4.4221920599999995 5.6239475599999995 
0.6428243471760494 0.06428243401049816 0.06428243401049816 -3.10314815 -3.10310917 -2.6513081 -2.65127082 3.9236353800000003 3.9238524000000004 4.42686627 4.42691343 5.66356173 
0.646395589974432 0.06071119121211549 0.06071119121211549 -3.1153722900000003 -3.11533321 -2.66333139 -2.66329376 3.9297236599999996 3.9299475599999996 4.43327877 4.43331803 5.70199672 
0.6499668398438825 0.057139941342665035 0.057139941342665035 -3.12695887 -3.1269197 -2.67466387 -2.67462591 3.93334796 3.93357768 4.4411451799999995 4.44117748 5.739092729999999 
0.6535380826422652 0.05356869854428237 0.05356869854428237 -3.13790087 -3.1378616 -2.68530758 -2.68526928 3.93487248 3.9351069799999996 4.4501745 4.45020128 5.774688599999999 
0.6571093325117157 0.04999744867483191 0.04999744867483191 -3.14818581 -3.14814645 -2.69526139 -2.69522278 3.9346744300000003 3.9349127 4.46005245 4.46007438 5.8086322 
0.6606805753100984 0.046426205876449245 0.046426205876449245 -3.15780646 -3.157767 -2.70452711 -2.7044881800000002 3.9331213499999995 3.93336254 4.47046069 4.47047903 5.840765899999999 
0.6642518251795488 0.04285495600699879 0.04285495600699879 -3.16675215 -3.1667126000000003 -2.71310378 -2.7130645600000003 3.93055572 3.9307991199999996 4.48109948 4.48111545 5.870935790000001 
0.6678230679779315 0.03928371320861612 0.03928371320861612 -3.1750141000000003 -3.17497445 -2.72099182 -2.72095234 3.92728465 3.9275296500000003 4.49169918 4.49171286 5.89898004 
0.6713943178473819 0.03571246333916567 0.03571246333916567 -3.18258652 -3.18254678 -2.72819272 -2.72815298 3.9235735 3.9238196599999995 4.50202187 4.50203405 5.924729060000001 
0.6749655606457645 0.032141220540783 0.032141220540783 -3.1894608900000003 -3.18942107 -2.73470642 -2.73466646 3.9196510399999998 3.9198980199999998 4.5118652599999995 4.51187645 5.948004640000001 
0.678536810515215 0.028569970671332545 0.028569970671332545 -3.19563033 -3.19559043 -2.74053321 -2.74049304 3.9157094599999995 3.91595698 4.52105787 4.52106826 5.96862189 
0.6821080533135977 0.024998727872949877 0.024998727872949877 -3.20108828 -3.20104831 -2.74567342 -2.7456330600000003 3.91190863 3.91215652 4.52945894 4.52946869 5.98641971 
0.6856793031830481 0.021427478003499367 0.021427478003499367 -3.20582975 -3.2057897200000003 -2.75012745 -2.75008693 3.9083794000000003 3.9086275199999996 4.53695047 4.53696054 6.00129763 
0.6892505459814309 0.017856235205116755 0.017856235205116755 -3.2098494200000003 -3.20980933 -2.75389536 -2.7538547 3.9052285399999995 3.9054767999999997 4.54343872 4.54344807 6.01328655 
0.6928217958508813 0.014284985335666245 0.014284985335666245 -3.21314301 -3.21310287 -2.75697746 -2.75693668 3.90254072 3.90278907 4.54884793 4.5488572199999995 6.02256573 
0.696393038649264 0.010713742537283577 0.010713742537283577 -3.21570815 -3.21566797 -2.7593742900000002 -2.75933343 3.9003809 3.9006292799999995 4.55312052 4.55312966 6.02940806 
0.6999642885187145 0.007142492667833122 0.007142492667833122 -3.21754227 -3.21750207 -2.76108665 -2.7610457200000003 3.8987988499999995 3.8990472499999997 4.55621271 4.55622186 6.034086309999999 
0.7035355313170971 0.0035712498694504546 0.0035712498694504546 -3.21864287 -3.21860266 -2.7621141000000002 -2.76207313 3.8978284499999996 3.89807684 4.5580947499999995 4.5581039 6.03680947 
0.7071067811865476 0.0 0.0 -3.21900902 -3.2189688000000003 -2.76245696 -2.76241598 3.89748964 3.89773803 4.55875088 4.55876004 6.03770402 
0.7071067811865476 0.0 0.0 -3.21900902 -3.2189688000000003 -2.76245696 -2.76241597 3.89748964 3.89773803 4.55875135 4.55876055 6.037706439999999 
0.7071067811865477 -5.551115123125783e-17 0.0035712427983826678 -3.218859 -3.21881877 -2.7623213 -2.7622803400000002 3.89761851 3.89786683 4.55851509 4.55852421 6.03753221 
0.7071067811865476 0.0 0.007142499738900909 -3.21841623 -3.2183759800000002 -2.76191012 -2.7618692 3.89798153 3.89822966 4.5578449999999995 4.55785401 6.037019600000001 
0.7071067811865476 0.0 0.010713742537283633 -3.21768744 -3.2176471600000003 -2.76121734 -2.7611765100000003 3.89857721 3.8988249999999995 4.55673762 4.55674826 6.0361275899999995 
0.7071067811865476 0.0 0.014284985335666245 -3.21668354 -3.21664321 -2.76023263 -2.76019191 3.89940306 3.89965037 4.55518531 4.5551934 6.0347615900000005 
0.7071067811865476 0.0 0.017856228134048968 -3.21542025 -3.21537987 -2.75894204 -2.75890147 3.9004554999999996 3.9007021799999997 4.55317961 4.55318766 6.03280367 
0.7071067811865476 0.0 0.021427485074567154 -3.21391805 -3.2138776 -2.75732815 -2.75728774 3.90172978 3.9019756699999997 4.5507102999999995 4.55071809 6.03006259 
0.7071067811865476 0.0 0.024998727872949877 -3.21220148 -3.21216093 -2.75536947 -2.75532925 3.9032200999999995 3.90346507 4.54776497 4.54777252 6.026302530000001 
0.7071067811865477 -5.551115123125783e-17 0.028569970671332545 -3.21029872 -3.21025805 -2.75304014 -2.75300013 3.90491907 3.90516296 4.54432676 4.54433384 6.021283929999999 
0.7071067811865475 5.551115123125783e-17 0.03214121346971516 -3.20824123 -3.2082004200000003 -2.75031106 -2.75027128 3.9068186799999998 3.9070613199999995 4.54038188 4.54038879 6.01485976 
0.7071067811865476 0.0 0.03571247041023351 -3.20606541 -3.20602441 -2.74715042 -2.7471108600000003 3.9089086 3.9091498199999997 4.53591169 4.53591837 6.00701797 
0.7071067811865476 0.0 0.03928371320861612 -3.20381206 -3.2037708400000002 -2.7435239 -2.74348458 3.9111748200000003 3.91141442 4.53089519 4.5309022599999995 5.997864440000001 
0.7071067811865476 0.0 0.042854956006998735 -3.2015202 -3.20147871 -2.73939327 -2.7393541900000002 3.91360813 3.91384595 4.52531453 4.52532262 5.9875652299999995 
0.7071067811865476 0.0 0.04642619880538146 -3.19923568 -3.19919388 -2.7347199900000003 -2.73468114 3.9161902799999995 3.9164261199999997 4.51915 4.5191591099999995 5.976287709999999 
0.7071067811865476 0.0 0.049997455745899755 -3.19700433 -3.19696217 -2.72946365 -2.729425 3.91890275 3.9191363900000002 4.5123804199999995 4.5123912399999995 5.96418358 
0.7071067811865477 -5.551115123125783e-17 0.05356869854428242 -3.1948728600000003 -3.19483029 -2.72358336 -2.7235449000000003 3.92172401 3.92195521 4.50498751 4.50500026 5.951386680000001 
0.7071067811865475 5.551115123125783e-17 0.057139941342665035 -3.1928881000000002 -3.1928450600000002 -2.7170387000000003 -2.7170004 3.92462904 3.9248575499999996 4.49695471 4.4969699499999995 5.9380161000000005 
0.7071067811865476 0.0 0.0607111841410477 -3.19109679 -3.19105323 -2.70979103 -2.70975286 3.9275882099999997 3.9278137500000003 4.48826782 4.4882853 5.9241790000000005 
0.7071067811865476 0.0 0.064282441081566 -3.18954145 -3.18949732 -2.70180146 -2.70176338 3.93056816 3.93079043 4.47891857 4.4789391499999995 5.90997593 
0.7071067811865476 0.0 0.06785368387994861 -3.18826448 -3.18821974 -2.69303609 -2.69299806 3.93352829 3.9337469599999997 4.4689035 4.46892757 5.89549856 
0.7071067811865476 0.0 0.07142492667833134 -3.18730357 -3.18725818 -2.68346221 -2.68342419 3.93642061 3.93663529 4.45822647 4.45825422 5.88083149 
0.7071067811865476 0.0 0.07499616947671395 -3.18669463 -3.18664856 -2.67305646 -2.67301842 3.93919013 3.9394003900000003 4.44690169 4.44693342 5.86605716 
0.7071067811865475 5.551115123125783e-17 0.07856742641723219 -3.18646577 -3.186419 -2.66179507 -2.66175697 3.9417697 3.94197507 4.4349579299999995 4.43499429 5.851252969999999 
0.7071067811865476 0.0 0.08213866921561486 -3.18664235 -3.18659486 -2.64966129 -2.6496231000000003 3.9440797199999995 3.9442796399999995 4.42243623 4.4224776 5.8364861999999995 
0.7071067811865476 0.0 0.08570991201399758 -3.18724337 -3.18719515 -2.63664238 -2.63660409 3.94602556 3.9462194100000003 4.40939732 4.40944441 5.821822409999999 
0.7071067811865477 -5.551115123125783e-17 0.08928115481238025 -3.18828544 -3.1882365 -2.62273404 -2.62269562 3.9474928599999997 3.9476799499999995 4.39592298 4.3959763899999995 5.807316289999999 
0.7071067811865476 0.0 0.09285241175289849 -3.18977875 -3.18972909 -2.6079338300000003 -2.6078952600000003 3.9483463599999995 3.94852592 4.38212243 4.3821829 5.79301963 
0.7071067811865475 5.551115123125783e-17 0.09642365455128116 -3.19172672 -3.19167636 -2.59224378 -2.59220505 3.9484268399999998 3.9485980199999995 4.3681345 4.36820272 5.778975239999999 
0.7071067811865476 0.0 0.09999489734966382 -3.1941319200000002 -3.19408087 -2.5756715000000003 -2.57563262 3.94754614 3.9477080099999995 4.35412937 4.3542064 5.765218879999999 
0.7071067811865476 0.0 0.10356614014804644 -3.19699233 -3.19694061 -2.55822788 -2.55818886 3.94548828 3.94563989 4.34031142 4.34039804 5.75177532 
0.7071067811865476 0.0 0.10713739708856473 -3.2003036700000003 -3.20025132 -2.53992741 -2.5398882400000002 3.94201086 3.9421513 4.3269164799999995 4.32701357 5.7386688800000005 
0.7071067811865477 -5.551115123125783e-17 0.1107086398869474 -3.20405739 -3.20400442 -2.52078638 -2.52074708 3.9368535399999995 3.9369820200000003 4.31420473 4.31431306 5.725909290000001 
0.7071067811865475 5.551115123125783e-17 0.11427988268533001 -3.20824311 -3.20818956 -2.50082316 -2.50078374 3.9297513100000003 3.92986726 4.3024483799999995 4.30256849 5.7135038300000005 
0.7071067811865476 0.0 0.11785112548371268 -3.21285064 -3.2127965400000003 -2.48005911 -2.48001959 3.92044966 3.92055288 4.29190776 4.29203991 5.701449459999999 
0.7071067811865476 0.0 0.12142238242423098 -3.21786676 -3.21781213 -2.45851552 -2.45847592 3.9087358400000003 3.9088265900000003 4.2828131 4.28295712 5.689740710000001 
0.7071067811865476 0.0 0.1249936252226137 -3.22327806 -3.22322293 -2.4362150000000002 -2.43617533 3.8944568100000003 3.8945358399999996 4.27533683 4.27549213 5.678362740000001 
0.7071067811865476 0.0 0.12856486802099631 -3.22907059 -3.22901498 -2.41318111 -2.4131414 3.87753719 3.87760574 4.26957938 4.26974496 5.66729915 
0.7071067811865476 0.0 0.13213611081937893 -3.23523012 -3.2351740600000003 -2.38943771 -2.38939797 3.8579826600000002 3.8580423899999996 4.26556353 4.26573808 5.65652811 
0.7071067811865476 0.0 0.13570736775989733 -3.24174266 -3.24168617 -2.36500952 -2.36496977 3.8358716900000003 3.8359244199999996 4.26324226 4.2634243199999995 5.6460247 
0.7071067811865475 5.551115123125783e-17 0.1392786105582799 -3.2485938500000002 -3.24853696 -2.3399204 -2.3398806600000004 3.81133817 3.81138582 4.26251597 4.26270403 5.635760639999999 
0.7071067811865476 0.0 0.14284985335666256 -3.2557687200000003 -3.2557114400000002 -2.31419314 -2.31415343 3.7845524499999996 3.7845967499999995 4.263254 4.26344665 5.62570904 
0.7071067811865476 0.0 0.14642109615504528 -3.26325439 -3.26319674 -2.28785247 -2.28781281 3.75569911 3.7557415599999997 4.26530599 4.26550195 5.615838350000001 
0.7071067811865476 0.0 0.14999235309556347 -3.27103688 -3.27097888 -2.26092161 -2.26088201 3.72496796 3.7250096399999997 4.26852539 4.26872355 5.606120649999999 
0.7071067811865476 0.0 0.1535635958939462 -3.2791035 -3.27904516 -2.23342392 -2.2333843900000003 3.6925403799999996 3.69258212 4.27277207 4.27297151 5.596522459999999 
0.7071067811865476 0.0 0.1571348386923288 -3.28744067 -3.287382 -2.20538283 -2.2053434000000003 3.6585869200000003 3.6586292899999995 4.27791914 4.27811908 5.58702001 
0.7071067811865476 0.0 0.16070608149071153 -3.29603651 -3.29597752 -2.17682127 -2.17678194 3.6232625799999996 3.6233059499999998 4.2838540499999995 4.28405387 5.577584419999999 
0.7071067811865475 5.551115123125783e-17 0.16427733843122977 -3.30487909 -3.30481981 -2.1477619199999998 -2.14772271 3.5867077499999995 3.5867522999999997 4.29047898 4.29067815 5.5681893 
0.7071067811865476 0.0 0.16784858122961244 -3.31395695 -3.31389736 -2.11822717 -2.1181881000000002 3.5490485300000003 3.5490943 4.29770963 4.29790775 5.5588127499999995 
0.7071067811865477 -5.551115123125783e-17 0.1714198240279951 -3.32325894 -3.3231990700000003 -2.0882397900000003 -2.08820087 3.5104016299999996 3.5104488299999996 4.30547428 4.30567101 5.549429959999999 
0.7071067811865475 5.551115123125783e-17 0.17499106682637772 -3.33277467 -3.33271451 -2.05782301 -2.05778424 3.4708716199999996 3.47092022 4.31371126 4.31390634 5.54002343 
0.7071067811865477 -5.551115123125783e-17 0.17856232376689601 -3.3424938 -3.34243337 -2.02699922 -2.02696062 3.4305533500000003 3.43060341 4.32236789 4.32256111 5.530576030000001 
0.7071067811865476 0.0 0.18213356656527868 -3.35240613 -3.35234543 -1.99579024 -1.9957518200000002 3.3895336799999995 3.3895851500000003 4.33139921 4.33159038 5.52107127 
0.7071067811865476 0.0 0.1857048093636614 -3.36250151 -3.36244055 -1.96421814 -1.9641799100000001 3.3478932299999995 3.3479461299999995 4.34076874 4.3409577299999995 5.51149665 
0.7071067811865476 0.0 0.18927605216204402 -3.37277253 -3.37271131 -1.93230823 -1.93227019 3.30570482 3.3057590699999997 4.35043852 4.35062521 5.501839739999999 
0.7071067811865476 0.0 0.19284730910256231 -3.38320808 -3.3831466 -1.9000800800000002 -1.90004225 3.2630399700000003 3.26309568 4.36038216 4.36056646 5.49209168 
0.7071067811865477 -5.551115123125783e-17 0.19641855190094498 -3.39379981 -3.39373808 -1.86755859 -1.8675209700000002 3.2199627699999995 3.2200198799999997 4.37057391 4.37075576 5.482245750000001 
0.7071067811865476 0.0 0.19998979469932754 -3.4045389200000002 -3.40447694 -1.83476342 -1.8347260200000002 3.1765353000000003 3.1765937299999996 4.38099199 4.38117131 5.47229484 
0.7071067811865476 0.0 0.20356103749771026 -3.4154174900000003 -3.41535525 -1.8017264100000001 -1.8016892400000002 3.1328155300000002 3.13287531 4.39161574 4.3917925 5.4622332 
0.7071067811865476 0.0 0.20713229443822856 -3.42642711 -3.42636462 -1.7684683 -1.76843138 3.0888601499999995 3.0889212099999996 4.40242837 4.40260252 5.45205829 
0.7071067811865476 0.0 0.2107035372366112 -3.43755975 -3.43749701 -1.73501444 -1.73497776 3.04472333 3.0447856599999996 4.41341432 4.41358585 5.44176749 
0.7071067811865476 0.0 0.21427478003499387 -3.44880757 -3.44874459 -1.70139087 -1.70135444 3.0004574699999997 3.0005210900000003 4.42455962 4.4247285 5.4313606100000005 
0.7071067811865476 0.0 0.2178460228333765 -3.46016284 -3.4600996200000003 -1.66762435 -1.6675881700000001 2.9561135199999997 2.95617838 4.43585161 4.43601783 5.420836250000001 
0.7071067811865477 -5.551115123125783e-17 0.22141727977389486 -3.47161796 -3.47155449 -1.63374301 -1.6337070900000001 2.9117423799999997 2.9118084599999996 4.44727882 4.44744236 5.4101950599999995 
0.7071067811865476 5.551115123125783e-17 0.22498852257227744 -3.48316699 -3.48310328 -1.59977571 -1.59974005 2.86739299 2.8674602599999996 4.45883062 4.45899147 5.3994386599999995 
0.7071067811865476 0.0 0.22855976537066014 -3.49479923 -3.49473527 -1.56575219 -1.5657168000000001 2.8231151299999997 2.82318359 4.47049733 4.47065551 5.388568899999999 
0.7071067811865477 -5.551115123125783e-17 0.2321310081690428 -3.50650885 -3.50644466 -1.5317044400000002 -1.5316693300000002 2.77895657 2.77902618 4.48226984 4.48242534 5.377587999999999 
0.7071067811865476 0.0 0.23570226510956105 -3.51828997 -3.51822554 -1.49766605 -1.4976312 2.7349671200000003 2.7350378399999995 4.49413908 4.49429192 5.3664988000000005 
0.7071067811865476 -5.551115123125783e-17 0.23927350790794374 -3.53013148 -3.53006682 -1.46366701 -1.4636324500000002 2.6911965999999996 2.69126844 4.50609926 4.50624943 5.35530659 
0.7071067811865476 0.0 0.24284475070632638 -3.54202866 -3.54196377 -1.4297488200000001 -1.4297145400000002 2.6476945 2.64776743 4.51814017 4.51828767 5.344013970000001 
0.7071067811865476 0.0 0.24641599350470908 -3.5539728900000003 -3.5539077800000003 -1.39594796 -1.3959139600000001 2.60451124 2.6045852299999996 4.53025644 4.5304012799999995 5.33262575 
0.7071067811865476 0.0 0.24998725044522732 -3.56595838 -3.56589304 -1.36230352 -1.3622698000000002 2.56169942 2.5617744599999996 4.54243826 4.54258045 5.3211472099999995 
0.7071067811865476 0.0 0.25355849324361 -3.57797546 -3.5779099 -1.3288572100000002 -1.32882377 2.51931261 2.5193886699999997 4.55467992 4.55481949 5.309583030000001 
0.7071067811865477 -5.551115123125783e-17 0.2571297360419927 -3.59001592 -3.58995014 -1.2956533500000003 -1.2956202 2.4774056900000003 2.47748275 4.56697435 4.56711128 5.2979392700000005 
0.7071067811865476 0.0 0.26070097884037524 -3.60207126 -3.60200528 -1.26273877 -1.2627059000000003 2.4360353200000002 2.4361133500000003 4.57931443 4.57944873 5.28622202 
0.7071067811865476 5.551115123125783e-17 0.26427223578089354 -3.61413257 -3.61406639 -1.2301626300000001 -1.2301300300000002 2.3952574999999996 2.39533649 4.5916928 4.59182448 5.274438719999999 
0.7071067811865476 0.0 0.26784347857927626 -3.62619045 -3.6261240800000003 -1.19797756 -1.1979452300000002 2.35513494 2.3552148500000003 4.6041019499999996 4.60423103 5.26259602 
0.7071067811865476 0.0 0.2714147213776589 -3.6382346500000002 -3.63816811 -1.1662385 -1.16620643 2.31573163 2.31581244 4.61653643 4.6166629 5.2507017099999995 
0.7071067811865476 0.0 0.2749859641760416 -3.65025495 -3.6501882500000002 -1.1350045900000003 -1.13497277 2.27711296 2.2771946400000003 4.628983 4.62910687 5.2387638800000005 
0.7071067811865476 -5.551115123125783e-17 0.2785572211165599 -3.66223945 -3.6621726 -1.10433717 -1.1043056 2.23934766 2.2394301800000003 4.64143498 4.64155624 5.226791540000001 
0.7071067811865475 5.551115123125783e-17 0.28212846391494245 -3.6741753800000003 -3.6741084 -1.0743011500000001 -1.0742698000000002 2.2025070199999996 2.2025903499999995 4.65388235 4.65400097 5.21479607 
0.7071067811865476 5.551115123125783e-17 0.2856997067133251 -3.68604858 -3.68598151 -1.04496492 -1.04493379 2.1666652099999997 2.16674931 4.666313689999999 4.666429709999999 5.20278779 
0.7071067811865476 -5.551115123125783e-17 0.28927094951170784 -3.69784334 -3.69777619 -1.01640045 -1.01636951 2.13189958 2.13198442 4.678716850000001 4.678830229999999 5.190780759999999 
0.7071067811865476 0.0 0.29284220645222614 -3.7095418000000002 -3.70947462 -0.9886828300000001 -0.9886520500000002 2.09829033 2.09837586 4.6910776599999995 4.69118836 5.178789889999999 
0.7071067811865477 0.0 0.2964134492506088 -3.72112394 -3.72105677 -0.9618907299999999 -0.9618601 2.06592001 2.0660061899999995 4.703379589999999 4.703487579999999 5.16682971 
0.7071067811865476 0.0 0.29998469204899136 -3.7325655 -3.73249838 -0.9361047899999999 -0.9360742600000003 2.0348751399999996 2.0349619299999997 4.71560326 4.715708489999999 5.1549247099999995 
0.7071067811865476 0.0 0.3035559348473741 -3.7438420100000003 -3.74377502 -0.9114098200000003 -0.9113793600000002 2.0052429800000002 2.0053303199999997 4.727725339999999 4.727827749999999 5.143094939999999 
0.7071067811865475 1.1102230246251565e-16 0.30712719178789233 -3.75491574 -3.75484895 -0.8878910100000001 -0.8878605799999999 1.9771138099999996 1.9772016499999996 4.739718399999999 4.739817889999999 5.13137255 
0.7071067811865476 0.0 0.310698434586275 -3.76575095 -3.76568446 -0.8656365900000003 -0.8656061500000001 1.95057847 1.95066675 4.751548079999999 4.75164455 5.1197899200000005 
0.7071067811865476 0.0 0.3142696773846577 -3.77630153 -3.77623547 -0.8447354499999999 -0.8447049300000002 1.9257287400000003 1.9258173999999997 4.763172299999999 4.7632655800000006 5.10839054 
0.7071067811865475 0.0 0.3178409201830403 -3.78651213 -3.78644662 -0.8252763299999999 -0.8252456800000001 1.9026561399999995 1.9027450999999997 4.774538420000001 4.77462834 5.09722689 
0.7071067811865476 0.0 0.32141217712355863 -3.79631628 -3.79625152 -0.8073478600000001 -0.8073170200000002 1.88144942 1.8815386199999997 4.78558011 4.78566644 5.086366549999999 
0.7071067811865475 1.1102230246251565e-16 0.32498341992194124 -3.80563235 -3.8055685400000003 -0.79103506 -0.7910039600000003 1.8621985900000002 1.8622879499999998 4.79621343 4.79629581 5.075892679999999 
0.7071067811865476 0.0 0.32855466272032385 -3.8143632800000002 -3.81430068 -0.7764177400000003 -0.7763863099999999 1.8449869799999998 1.84507641 4.806331309999999 4.8064093 5.065916379999999 
0.7071067811865476 0.0 0.3321259055187066 -3.8223942 -3.82233309 -0.7635759700000002 -0.7635441300000001 1.8298929699999995 1.8299823999999996 4.81579674 4.81586995 5.05657205 
0.7071067811865475 0.0 0.3356971624592248 -3.82959073 -3.82953142 -0.7525794000000001 -0.7525470800000003 1.8169885800000003 1.81707792 4.82443924 4.82450702 5.04803182 
0.7071067811865476 0.0 0.3392684052576075 -3.8358019800000003 -3.83574478 -0.7434905199999999 -0.74345763 1.8063379 1.8064270599999999 4.8320494499999995 4.83211107 5.040505359999999 
0.7071067811865476 0.0 0.3428396480559902 -3.84086717 -3.8408123300000003 -0.7363629600000001 -0.7363294200000001 1.7979955499999996 1.7980844400000002 4.838382490000001 4.838437389999999 5.034237279999999 
0.7071067811865477 0.0 0.3464108908543729 -3.8446283500000002 -3.84457601 -0.7312398899999999 -0.7312056199999999 1.7920047299999995 1.7920932599999997 4.843175390000001 4.843222839999999 5.02949145 
0.7071067811865476 0.0 0.3499821477948911 -3.84694907 -3.8468991700000004 -0.72815319 -0.7281181000000001 1.7883967499999995 1.7884848399999997 4.84618062 4.84622023 5.02651571 
0.7071067811865476 0.0 0.35355339059327384 -3.84773533 -3.84768755 -0.72712187 -0.7270858800000002 1.7871928299999995 1.7872803900000003 4.8472161400000005 4.84724782 5.02549179 
0.7071067811865476 0.0 0.35355339059327384 -3.84773533 -3.84768755 -0.72712187 -0.7270858800000002 1.7871928299999995 1.7872803900000003 4.847216189999999 4.84724791 5.02549181 
0.7053211527162885 0.0 0.35533901906353293 -3.8474885 -3.84744165 -0.7273844999999999 -0.7273480700000001 1.7874680300000003 1.7875554400000002 4.84685633 4.846884360000001 5.025757970000001 
0.703535538388165 0.0 0.35712463339165645 -3.84670951 -3.84666344 -0.72817409 -0.7281371999999999 1.78828808 1.7883753000000002 4.84584059 4.8458649099999995 5.026501489999999 
0.7017499099179058 0.0 0.35891026186191566 -3.84538893 -3.8453435000000002 -0.7294930399999999 -0.72945568 1.7896546500000001 1.7897416599999998 4.84417419 4.844195149999999 5.02772124 
0.6999642814476467 0.0 0.36069589033217475 -3.8435222600000003 -3.8434773 -0.7313430200000002 -0.7313051600000002 1.7915682100000003 1.7916549999999996 4.84187343 4.8418912800000005 5.029405049999999 
0.6981786671195231 0.0 0.36248150466029827 -3.84110969 -3.84106503 -0.7337247100000002 -0.7336863300000003 1.7940298299999995 1.7941163700000002 4.83896371 4.8389786400000006 5.03153144 
0.696393038649264 0.0 0.3642671331305574 -3.8381559800000002 -3.83811146 -0.7366380800000001 -0.7365991800000002 1.7970389300000003 1.79712521 4.83547774 4.835490119999999 5.034071879999999 
0.6946074243211405 0.0 0.3660527474586809 -3.83466993 -3.83462541 -0.7400823500000002 -0.7400429000000002 1.8005941300000003 1.80068012 4.8314526 4.83146269 5.036992939999999 
0.6928217958508813 0.0 0.3678383759289401 -3.8306636000000003 -3.83061895 -0.7440559100000002 -0.7440159 1.80469321 1.8047789099999996 4.82692786 4.82693617 5.04025886 
0.6910361673806222 0.0 0.36962400439919924 -3.82615182 -3.82610694 -0.74855691 -0.7485163100000003 1.8093331699999995 1.8094185400000002 4.821943839999999 4.8219504099999995 5.04383329 
0.6892505530524986 0.0 0.37140961872732275 -3.82115123 -3.82110604 -0.7535817300000001 -0.7535405399999999 1.8145103000000002 1.8145953400000003 4.8165398800000006 4.81654503 5.0476800399999995 
0.6874649245822395 0.0 0.3731952471975819 -3.81567947 -3.8156339200000002 -0.7591264500000001 -0.7590846600000001 1.8202200800000004 1.82030476 4.81075384 4.81075802 5.05176591 
0.6856792961119804 0.0 0.374980875667841 -3.80975479 -3.80970884 -0.7651865500000001 -0.7651441400000003 1.8264572699999997 1.8265415899999997 4.804620809999999 4.80462421 5.056059319999999 
0.6838936817838568 0.0 0.37676648999596457 -3.8033944 -3.80334803 -0.77175598 -0.77171294 1.8332166899999995 1.83330063 4.7981734 4.7981763 5.060531899999999 
0.6821080533135977 0.0 0.3785521184662237 -3.7966173100000002 -3.79657051 -0.7788304200000002 -0.7787867500000001 1.8404904100000001 1.8405739499999996 4.79144061 4.79144335 5.065157899999999 
0.6803224389854742 0.0 0.38033773279434724 -3.78944256 -3.78939534 -0.7864034200000001 -0.7863591000000003 1.8482715799999996 1.8483546999999998 4.78444803 4.784450809999999 5.069912540000001 
0.6785368105152151 0.0 0.38212336126460633 -3.78188508 -3.7818374500000003 -0.7944671200000002 -0.7944221499999999 1.8565524900000003 1.8566351999999995 4.77722204 4.77722496 5.0747766 
0.676751182044956 0.0 0.3839089897348654 -3.77396085 -3.77391282 -0.8030134600000003 -0.80296783 1.8653251199999996 1.8654073999999996 4.769782729999999 4.769785799999999 5.07973202 
0.6749655677168324 0.0 0.38569460406298905 -3.76568396 -3.76563556 -0.8120357600000001 -0.8119894699999999 1.8745800699999995 1.8746618999999995 4.762150180000001 4.76215348 5.084761439999999 
0.6731799392465733 0.0 0.38748023253324815 -3.75706831 -3.7570195600000003 -0.82152497 -0.8214779999999999 1.88430826 1.8843896400000002 4.75434162 4.754345069999999 5.08985077 
0.6713943107763142 0.0 0.38926586100350724 -3.7481248700000003 -3.74807579 -0.83147124 -0.8314235999999999 1.8945003600000003 1.8945812899999996 4.74637308 4.746376789999999 5.09498977 
0.6696086964481907 0.0 0.39105147533163076 -3.73886887 -3.73881947 -0.8418679400000002 -0.8418196199999999 1.90514531 1.9052257699999995 4.73825778 4.73826158 5.10016267 
0.6678230679779316 0.0 0.3928371038018899 -3.7293091 -3.72925942 -0.8527037800000001 -0.85265478 1.9162330599999997 1.9163130500000003 4.73000888 4.730012820000001 5.10536183 
0.6660374536498079 0.0 0.3946227181300135 -3.71945595 -3.71940602 -0.8639694000000002 -0.8639197300000001 1.9277526700000003 1.9278321800000002 4.721637899999999 4.7216419599999995 5.110578220000001 
0.6642518251795488 0.0 0.3964083466002726 -3.70931905 -3.7092688700000003 -0.87565486 -0.8756045000000001 1.9396929299999996 1.93977195 4.7131551300000005 4.71315927 5.11580378 
0.6624661967092897 0.0 0.3981939750705317 -3.6989063900000003 -3.69885599 -0.88775 -0.8876989600000003 1.9520425999999995 1.95212114 4.70457028 4.7045745100000005 5.121031739999999 
0.6606805823811661 0.0 0.39997958939865524 -3.68822591 -3.68817531 -0.9002445200000002 -0.9001928000000001 1.96479011 1.96486815 4.6958918999999995 4.69589609 5.12625555 
0.658894953910907 0.0 0.4017652178689144 -3.6772850100000003 -3.6772342300000003 -0.91312799 -0.9130756 1.9779236999999998 1.9780012400000002 4.687128039999999 4.687132289999999 5.1314692399999995 
0.6571093254406478 0.0 0.4035508463391736 -3.66609056 -3.6660396100000003 -0.9263898099999999 -0.9263367499999999 1.99143136 1.9915083999999998 4.678285839999999 4.67829004 5.13666783 
0.6553237111125243 0.0 0.40533646066729706 -3.65464901 -3.65459791 -0.9400194600000003 -0.9399657299999999 2.00530104 2.00537758 4.669371910000001 4.669376099999999 5.14184665 
0.6535380826422652 0.0 0.4071220891375562 -3.64296644 -3.64291521 -0.9540063600000002 -0.9539519599999999 2.0195206199999998 2.0195966499999995 4.66039226 4.66039647 5.14700154 
0.6517524683141417 0.0 0.40890770346567973 -3.63104853 -3.63099718 -0.9683398599999999 -0.9682848100000001 2.03407784 2.0341533599999995 4.6513526 4.6513568 5.1521284099999995 
0.6499668398438826 0.0 0.4106933319359388 -3.6189006900000003 -3.61884923 -0.9830093400000002 -0.9829536299999999 2.0489603699999996 2.0490353800000003 4.64225809 4.6422623 5.157224019999999 
0.6481812113736234 0.0 0.412478960406198 -3.60652803 -3.60647649 -0.9980041900000001 -0.9979478300000002 2.0641558499999997 2.06423035 4.6331134 4.63311756 5.162285089999999 
0.6463955970454999 0.0 0.41426457473432154 -3.59393548 -3.59388385 -1.0133138700000002 -1.0132568700000002 2.07965187 2.07972585 4.62392291 4.62392707 5.167308759999999 
0.6446099685752408 0.0 0.41605020320458064 -3.5811276800000003 -3.58107598 -1.02892792 -1.02887028 2.0954359399999998 2.0955094 4.61469072 4.61469487 5.17229161 
0.6428243401049816 0.0 0.4178358316748398 -3.5681091400000002 -3.56805737 -1.0448359800000002 -1.04477771 2.1114955999999996 2.1115685500000003 4.6054204599999995 4.60542461 5.17723193 
0.6410387257768582 0.0 0.41962144600296325 -3.5548845300000003 -3.5548327200000003 -1.06102774 -1.06096885 2.1278184299999996 2.12789086 4.59611574 4.59611991 5.1821268499999995 
0.639253097306599 0.0 0.42140707447322245 -3.54145725 -3.54140539 -1.07749307 -1.0774335600000002 2.14439124 2.14446315 4.58678023 4.5867844 5.186975199999999 
0.6374674829784754 0.0 0.423192688801346 -3.52783268 -3.5277808 -1.0942222799999999 -1.0941621700000002 2.16120222 2.1612736200000002 4.57741595 4.57742017 5.191774049999999 
0.6356818545082163 0.0 0.4249783172716051 -3.514014 -3.51396209 -1.1112048800000003 -1.1111441700000002 2.17823892 2.17830979 4.56802602 4.56803022 5.19652151 
0.6338962260379571 0.0 0.42676394574186427 -3.50000511 -3.49995318 -1.12843099 -1.1283697 2.1954888299999995 2.19555917 4.55861282 4.55861729 5.2012154299999995 
0.6321106117098336 0.0 0.42854956006998773 -3.48580985 -3.4857579100000002 -1.1458908500000002 -1.14582898 2.2129394499999995 2.2130092799999996 4.54917899 4.5491833 5.20585565 
0.6303249832395745 0.0 0.43033518854024694 -3.4714324800000003 -3.47138054 -1.1635762500000002 -1.16351382 2.23057805 2.23064735 4.53972506 4.53972961 5.21043944 
0.6285393547693153 0.0 0.4321208170105061 -3.45687588 -3.45682394 -1.1814748700000002 -1.1814118700000003 2.24839259 2.2484613700000002 4.5302560199999995 4.5302606 5.21496602 
0.6267537404411918 0.0 0.4339064313386296 -3.44214432 -3.4420924 -1.19957884 -1.19951529 2.2663702599999995 2.2664384999999996 4.52077228 4.52077698 5.21943345 
0.6249681119709327 0.0 0.4356920598088887 -3.42724151 -3.42718961 -1.2178788200000001 -1.2178147300000002 2.2844985199999996 2.28456624 4.51127578 4.51128067 5.2238411199999994 
0.6231824976428092 0.0 0.4374776741370122 -3.41217117 -3.41211929 -1.2363655800000002 -1.23630096 2.30276472 2.3028319 4.50176837 4.5017733799999995 5.2281870999999995 
0.62139686917255 0.0 0.4392633026072714 -3.39693722 -3.39688538 -1.2550304900000002 -1.25496535 2.32115615 2.3212228 4.49225142 4.49225661 5.23247074 
0.6196112407022909 0.0 0.4410489310775305 -3.38154339 -3.38149158 -1.2738639200000001 -1.27379827 2.33965993 2.3397260500000003 4.48272597 4.48273138 5.23669108 
0.6178256263741674 0.0 0.44283454540565403 -3.36599335 -3.3659416 -1.2928571400000002 -1.2927910000000002 2.35826288 2.35832845 4.47319551 4.4732011499999995 5.24084689 
0.6160399979039083 0.0 0.4446201738759131 -3.35028884 -3.35023713 -1.31200122 -1.31193459 2.3769516299999998 2.37701665 4.46366079 4.46366653 5.244937500000001 
0.6142543694336491 0.0 0.44640580234617233 -3.33443706 -3.3343854200000003 -1.3312871400000001 -1.3312200299999999 2.39571473 2.3957792099999997 4.45412395 4.4541299599999995 5.2489629099999995 
0.6124687551055256 0.0 0.44819141667429585 -3.3184422000000002 -3.31839062 -1.35070752 -1.3506399500000001 2.41453731 2.4146012299999997 4.44458454 4.44459077 5.252919049999999 
0.6106831266352665 0.0 0.44997704514455494 -3.30230721 -3.3022557 -1.37025302 -1.370185 2.4334069300000003 2.4334702999999998 4.43504567 4.43505224 5.25680768 
0.608897512307143 0.0 0.45176265947267846 -3.28603634 -3.2859849100000003 -1.38991507 -1.38984661 2.4523100600000003 2.4523728599999997 4.42550939 4.4255162299999995 5.260627319999999 
0.6071118838368839 0.0 0.4535482879429376 -3.2696340200000003 -3.26958268 -1.4096851400000001 -1.4096162600000002 2.47123293 2.4712951700000003 4.41597769 4.4159847999999995 5.264377250000001 
0.6053262553666245 0.0 0.4553339164131968 -3.25310475 -3.2530535 -1.42955464 -1.42948534 2.49016151 2.4902232 4.40645256 4.40646005 5.268057239999999 
0.6035406410385011 0.0 0.4571195307413203 -3.2364536 -3.23640245 -1.44951498 -1.4494452800000002 2.5090815299999996 2.5091425999999997 4.3969363 4.39694407 5.271665540000001 
0.601755012568242 0.0 0.4589051592115794 -3.2196857000000003 -3.21963465 -1.46955751 -1.4694874400000002 2.52797842 2.5280389000000003 4.38743123 4.38743925 5.27520144 
0.5999693840979828 0.0 0.4606907876818386 -3.20280567 -3.20275473 -1.4896741800000002 -1.4896037400000002 2.5468375199999995 2.5468974299999996 4.37794058 4.37794889 5.27866596 
0.5981837697698593 0.0 0.4624764020099621 -3.18581855 -3.18576774 -1.50985538 -1.5097846000000001 2.56564367 2.5657029600000003 4.36846718 4.36847581 5.282055979999999 
0.5963981412996001 0.0 0.4642620304802213 -3.16873043 -3.16867975 -1.53009218 -1.5300210600000002 2.5843809899999997 2.58443967 4.35901447 4.35902338 5.285373030000001 
0.5946125269714766 0.0 0.46604764480834476 -3.15154627 -3.15149573 -1.55037523 -1.5503038 2.60303371 2.60309176 4.34958667 4.34959597 5.28861571 
0.5928268985012175 0.0 0.4678332732786039 -3.13427368 -3.13422328 -1.57069539 -1.57062366 2.62158538 2.62164279 4.34018778 4.34019747 5.2917837 
0.5910412700309584 0.0 0.469618901748863 -3.11691862 -3.11686838 -1.59104285 -1.59097084 2.64001912 2.6400758699999995 4.3308227299999995 4.3308328 5.294874569999999 
0.5892556557028349 0.0 0.4714045160769865 -3.09948824 -3.09943817 -1.61140762 -1.61133535 2.6583175299999997 2.65837363 4.32149674 4.3215071 5.297890000000001 
0.5874700272325757 0.0 0.47319014454724573 -3.08199017 -3.08194028 -1.6317794600000002 -1.63170696 2.6764623 2.6765177299999996 4.31221564 4.31222631 5.300828279999999 
0.5856843987623166 0.0 0.4749757730175048 -3.06443261 -3.06438291 -1.6521474500000002 -1.65207474 2.6944350200000002 2.69448975 4.30298587 4.30299691 5.30368902 
0.5838987844341931 0.0 0.47676138734562834 -3.04682445 -3.04677495 -1.67250009 -1.67242719 2.71221681 2.7122708299999996 4.29381468 4.29382602 5.30647102 
0.5821131559639339 0.0 0.4785470158158875 -3.0291760400000003 -3.02912676 -1.6928258 -1.6927527400000002 2.7297876499999996 2.7298409699999997 4.2847088399999995 4.28472059 5.30917406 
0.5803275416358105 0.0 0.48033263014401095 -3.01149634 -3.01144729 -1.7131108000000002 -1.71303761 2.74712743 2.74718001 4.27567894 4.27569106 5.311797349999999 
0.5785419131655513 0.0 0.48211825861427016 -2.99379731 -2.99374851 -1.73334192 -1.7332686400000001 2.76421501 2.7642668299999995 4.2667335699999995 4.26674606 5.31434071 
0.576756284695292 0.0 0.4839038870845293 -2.9760930400000003 -2.97604451 -1.75350545 -1.75343212 2.7810272400000002 2.78107828 4.25788267 4.25789555 5.316802729999999 
0.5749706703671686 0.0 0.4856895014126528 -2.95839535 -2.9583471 -1.7735843500000001 -1.773511 2.7975425199999995 2.7975927599999997 4.24913829 4.24915148 5.31918224 
0.5731850418969094 0.0 0.487475129882912 -2.94072039 -2.94067246 -1.79356147 -1.7934881500000002 2.8137372000000003 2.81378663 4.24051232 4.24052589 5.321479200000001 
0.5713994134266503 0.0 0.48926075835317107 -2.9230853100000003 -2.9230377 -1.81341788 -1.8133446400000002 2.8295869099999997 2.8296355 4.23201799 4.23203193 5.323692339999999 
0.5696137990985268 0.0 0.49104637268129464 -2.9055092300000003 -2.90546198 -1.8331327000000002 -1.8330595900000002 2.84506644 2.8451141900000003 4.2236697 4.22368402 5.325821339999999 
0.5678281706282676 0.0 0.4928320011515538 -2.8880136 -2.88796673 -1.85268282 -1.8526099 2.86014986 2.8601967200000002 4.21548283 4.2154975299999995 5.32786454 
0.5660425563001441 0.0 0.4946176154796773 -2.87062256 -2.87057611 -1.87204251 -1.8719698500000002 2.8748104100000003 2.8748563799999998 4.20747384 4.20748889 5.32982157 
0.564256927829885 0.0 0.4964032439499364 -2.85336346 -2.85331745 -1.8911829900000001 -1.89111067 2.88902051 2.8890655699999996 4.19966017 4.19967559 5.33169064 
0.5624712993596259 0.0 0.4981888724201955 -2.8362672900000003 -2.83622177 -1.91007188 -1.90999999 2.9027520200000003 2.9027961399999995 4.1920604 4.19207618 5.33347174 
0.5606856850315023 0.0 0.4999744867483191 -2.81936981 -2.8193248100000003 -1.92867466 -1.92860329 2.91597567 2.9160188199999997 4.184693 4.18470917 5.33516273 
0.5589000565612432 0.0 0.5017601152185782 -2.8027104400000002 -2.8026660000000003 -1.9469455400000002 -1.9468748200000001 2.9286625399999995 2.92870472 4.17758033 4.1775968599999995 5.336763380000001 
0.5571144280909841 0.0 0.5035457436888373 -2.78633465 -2.78629082 -1.9648394500000002 -1.9647694900000001 2.9407827199999996 2.9408239 4.17074267 4.17075964 5.338272590000001 
0.5553288137628606 0.0 0.5053313580169608 -2.7702972900000002 -2.7702541 -1.98230254 -1.98223349 2.9523059299999996 2.9523461099999997 4.16420177 4.1642190999999995 5.339689139999999 
0.5535431852926014 0.0 0.50711698648722 -2.75465786 -2.75461534 -1.9992732400000002 -1.9992052800000002 2.9632021 2.9632412400000003 4.15798014 4.15799783 5.3410112000000005 
0.5517575709644779 0.0 0.5089026008153436 -2.73948567 -2.73944386 -2.0156813 -2.0156146 2.97344102 2.9734791400000002 4.15210043 4.15211853 5.34223839 
0.5499719424942188 0.0 0.5106882292856026 -2.7248586 -2.7248175100000003 -2.03144655 -2.0313813300000003 2.98299364 2.9830307400000002 4.14658596 4.14660449 5.343369709999999 
0.5481863140239596 0.0 0.5124738577558619 -2.7108703100000002 -2.71082992 -2.0464784 -2.0464148900000003 2.9918296799999995 2.9918657 4.14145886 4.14147778 5.34440397 
0.5464006996958362 0.0 0.5142594720839853 -2.69762043 -2.6975807 -2.0606741800000004 -2.06061264 2.99992138 2.9999564100000002 4.13674156 4.13676087 5.34533978 
0.5446150712255771 0.0 0.5160451005542444 -2.6852226900000002 -2.68518353 -2.0739195300000004 -2.07386023 3.0072419200000002 3.0072759199999997 4.13245565 4.13247539 5.34617667 
0.5428294427553177 0.0 0.5178307290245037 -2.67380225 -2.67376348 -2.08608876 -2.0860320000000003 3.01376576 3.01379879 4.12862163 4.12864179 5.346913239999999 
0.5410438284271943 0.0 0.5196163433526271 -2.66349481 -2.66345617 -2.0970467700000004 -2.0969928400000004 3.01946928 3.0195013399999997 4.1252581699999995 4.12527875 5.34754813 
0.5392581999569352 0.0 0.5214019718228862 -2.6544408600000002 -2.65440199 -2.10665178 -2.10660096 3.0243316599999996 3.0243627699999998 4.12238311 4.12240412 5.348082440000001 
0.5374725856288116 0.0 0.5231875861510098 -2.64678266 -2.64674309 -2.11476125 -2.11471377 3.02833404 3.02836426 4.12001187 4.12003331 5.34851439 
0.5356869571585525 0.0 0.5249732146212689 -2.6406562200000003 -2.6406153900000002 -2.12123893 -2.12119495 3.0314607799999997 3.0314901899999995 4.11815746 4.11817936 5.348843369999999 
0.5339013286882933 0.0 0.5267588430915281 -2.63618239 -2.63613973 -2.12596397 -2.12592352 3.0336994500000003 3.0337281000000003 4.11683038 4.11685266 5.34906924 
0.5321157143601698 0.0 0.5285444574196516 -2.63345725 -2.63341218 -2.1288413999999998 -2.12880438 3.03504097 3.03506888 4.11603799 4.11606071 5.349191619999999 
0.5303300858899107 0.0 0.5303300858899107 -2.63254148 -2.63249352 -2.12980808 -2.12977417 3.0354794800000002 3.0355067900000003 4.11578473 4.11580788 5.349210769999999 
0.5303300858899107 0.0 0.5303300858899107 -2.63254148 -2.63249352 -2.12980807 -2.12977417 3.03547951 3.03550681 4.11578473 4.11580787 5.34921074 
0.5249732146212689 0.0 0.5249732146212689 -2.60165011 -2.60160212 -2.09381209 -2.09377881 2.9741672699999997 2.9741949500000002 4.05857256 4.05859674 5.325760089999999 
0.5196163433526271 0.0 0.5196163433526271 -2.57023213 -2.57018409 -2.05708804 -2.05705537 2.9123863400000003 2.9124143699999996 3.9998591 3.9998841499999997 5.30088656 
0.5142594791550531 -7.071067842367995e-09 0.5142594791550531 -2.53830172 -2.53825362 -2.01965719 -2.0196251 2.8502272699999995 2.85025567 3.9399957700000003 3.9400216299999995 5.27492314 
0.5089026078864113 -7.071067731345693e-09 0.5089026078864113 -2.5058763 -2.5058281300000003 -1.9815423300000001 -1.98151081 2.78777208 2.78780083 3.8792802 3.8793067900000002 5.24812176 
0.5035457366177695 7.071067842367995e-09 0.5035457366177695 -2.4729731900000003 -2.47292494 -1.94276424 -1.94273326 2.72509886 2.72512798 3.8179687099999997 3.8179959500000002 5.220675099999999 
0.4981888653491277 7.071067786856844e-09 0.4981888653491277 -2.43961278 -2.43956446 -1.90334589 -1.9033154300000001 2.6622809700000003 2.6623104699999995 3.7562817600000002 3.7563096 5.19273488 
0.49283200115155373 0.0 0.49283200115155373 -2.40581405 -2.4057656400000003 -1.86330712 -1.86327718 2.5993869 2.5994167800000003 3.69441268 3.69444108 5.16442193 
0.4874751298829119 0.0 0.4874751298829119 -2.37160605 -2.37155758 -1.82267526 -1.8226458200000002 2.5364816999999995 2.5365119399999996 3.63252928 3.63255823 5.13583586 
0.48211825861427016 0.0 0.48211825861427016 -2.3370104200000004 -2.33696189 -1.7814696 -1.78144063 2.4736274 2.4736580100000003 3.57078411 3.5708135800000003 5.10706177 
0.47676138734562834 0.0 0.47676138734562834 -2.30205398 -2.30200539 -1.73971234 -1.7396838300000002 2.41088269 2.41091369 3.50931394 3.50934393 5.07817262 
0.4714045231480543 -7.071067842367995e-09 0.4714045231480543 -2.2667657500000002 -2.26671712 -1.6974258500000001 -1.6973977900000001 2.3483035799999996 2.34833497 3.4482437499999996 3.44827424 5.0492329 
0.4660476518794125 -7.071067786856844e-09 0.4660476518794125 -2.2311767600000003 -2.2311281000000003 -1.6546325000000002 -1.65460487 2.28594558 2.2859773599999995 3.38769004 3.3877210499999997 5.020300580000001 
0.46069078061077073 7.071067786856844e-09 0.46069078061077073 -2.19532097 -2.19527229 -1.6113558700000001 -1.61132867 2.22386135 2.22389353 3.3277613299999995 3.32779284 4.991429 
0.4553339093421289 7.071067842367995e-09 0.4553339093421289 -2.1592350500000004 -2.1591863800000004 -1.56762102 -1.56759423 2.16210257 2.16213517 3.26856083 3.26859286 4.96266754 
0.44997704514455494 0.0 0.44997704514455494 -2.12295838 -2.12290973 -1.52345283 -1.52342645 2.1007198899999997 2.10075289 3.2101874099999996 3.21021997 4.93406218 
0.4446201738759131 0.0 0.4446201738759131 -2.08653402 -2.08648541 -1.47887755 -1.47885157 2.0397619000000002 2.0397953299999996 3.15273555 3.1527686499999996 4.9056561599999995 
0.43926330260727137 0.0 0.43926330260727137 -2.05000684 -2.0499583 -1.4339222200000001 -1.4338966400000002 1.9792798999999999 1.97931378 3.0963004300000003 3.09633409 4.877492139999999 
0.43390643133862955 0.0 0.43390643133862955 -2.01342809 -2.01337965 -1.3886189800000002 -1.3885938 1.9193238399999997 1.9193581699999998 3.0409742699999995 3.0410085000000002 4.849606980000001 
0.4285495671410555 -7.071067842367995e-09 0.4285495671410555 -1.9768459500000002 -1.97679763 -1.34299784 -1.3429730500000001 1.8599470499999997 1.8599818399999997 2.98685038 2.9868851999999997 4.8220458 
0.4231926958724137 -7.071067731345693e-09 0.4231926958724137 -1.94031926 -1.94027108 -1.2970953600000001 -1.29707096 1.8011992399999999 1.8012345099999996 2.93402008 2.9340555100000003 4.79484205 
0.41783582460377194 7.071067786856844e-09 0.41783582460377194 -1.90390773 -1.9038597300000002 -1.2509493200000001 -1.2509253300000003 1.7431363700000002 1.7431721499999995 2.8825766899999996 2.88261274 4.7680337900000005 
0.4124789533351301 7.071067842367995e-09 0.4124789533351301 -1.8676759900000002 -1.86762819 -1.20460281 -1.2045792200000003 1.6858151999999995 1.6858515 2.83261419 2.83265089 4.7416561900000005 
0.40712208913755615 0.0 0.40712208913755615 -1.8316931300000001 -1.8316455500000002 -1.1581039 -1.15808072 1.6292976599999998 1.6293344899999997 2.7842284 2.7842657600000003 4.715740670000001 
0.40176521786891434 0.0 0.40176521786891434 -1.79602893 -1.79598162 -1.1115033300000001 -1.1114805800000003 1.5736489699999998 1.5736863799999998 2.73751514 2.73755319 4.69032926 
0.3964083466002726 0.0 0.3964083466002726 -1.7607614600000001 -1.76071445 -1.06486386 -1.0648415500000001 1.51893967 1.51897766 2.69257469 2.6926134599999996 4.665451579999999 
0.39105147533163076 0.0 0.39105147533163076 -1.72597084 -1.7259241600000002 -1.0182534900000002 -1.0182316500000002 1.4652496399999997 1.4652882399999996 2.6495099599999996 2.6495494600000002 4.64113976 
0.3856946111340568 -7.071067786856844e-09 0.3856946111340568 -1.69174101 -1.6916947100000002 -0.97174899 -0.9717276400000001 1.4126658599999997 1.4127051000000002 2.60842465 2.6084648999999995 4.61742774 
0.380337739865415 -7.071067842367995e-09 0.380337739865415 -1.65816088 -1.6581149800000001 -0.9254402800000001 -0.9254194500000001 1.3612850099999996 1.3613249199999995 2.56942248 2.5694635000000003 4.59434746 
0.37498086859677315 7.071067786856844e-09 0.37498086859677315 -1.6253202500000001 -1.6252748000000001 -0.87942952 -0.8794092400000002 1.3112165999999998 1.3112572 2.53261189 2.53265369 4.5719299399999995 
0.36962399732813134 7.071067842367995e-09 0.36962399732813134 -1.59331263 -1.5932676700000001 -0.8338363600000003 -0.83381667 1.2625854599999995 1.2626267699999998 2.49810071 2.4981433099999997 4.5502073 
0.36426713313055736 0.0 0.36426713313055736 -1.56223298 -1.5621885400000002 -0.7887988900000003 -0.7887798300000002 1.2155374600000002 1.2155795199999995 2.46600004 2.46604344 4.52921164 
0.3589102618619156 0.0 0.3589102618619156 -1.53217737 -1.53213349 -0.74447741 -0.7444590200000003 1.1702370599999998 1.1702799099999996 2.4364188 2.4364630099999998 4.50897267 
0.3535533905932738 0.0 0.3535533905932738 -1.5032452900000002 -1.50320202 -0.7010622 -0.70104452 1.1268742999999999 1.12691796 2.40946411 2.40950913 4.48952149 
0.34819651932463197 0.0 0.34819651932463197 -1.4755321300000002 -1.47548948 -0.6587703500000002 -0.65875342 1.0856708 1.0857152899999996 2.38524371 2.3852895399999996 4.47088824 
0.3428396480559902 0.0 0.3428396480559902 -1.44913251 -1.44909053 -0.6178563700000002 -0.6178402300000001 1.0468795599999998 1.0469248899999997 2.36386102 2.36390765 4.4531011 
0.3374827838584162 -7.071067786856844e-09 0.3374827838584162 -1.4241387300000001 -1.4240974400000002 -0.5786084599999999 -0.5785931400000002 1.0107917100000003 1.0108378900000003 2.3454157999999996 2.34546321 4.43619227 
0.3321259125897744 -7.071067842367995e-09 0.3321259125897744 -1.4006370300000002 -1.40059647 -0.54135869 -0.54134422 0.9777380899999999 0.9777851000000002 2.33000278 2.3300509399999996 4.42019098 
0.3267690413211326 7.071067786856844e-09 0.3267690413211326 -1.37870759 -1.3786677600000001 -0.5064785299999999 -0.5064648900000002 0.9480873599999997 0.9481351599999996 2.3177088699999997 2.31775776 4.4051248 
0.3214121700524908 7.071067842367995e-09 0.3214121700524908 -1.3584240600000002 -1.35838499 -0.47437397000000026 -0.4743611699999999 0.9222423399999995 0.9222908900000002 2.3086122399999995 2.30866182 4.39102029 
0.3160553058549168 0.0 0.3160553058549168 -1.3398495000000001 -1.3398112000000002 -0.4454753 -0.4454632900000002 0.9006330899999995 0.9006822899999998 2.30278296 2.3028331799999995 4.37790684 
0.310698434586275 0.0 0.310698434586275 -1.3230380400000001 -1.3230005300000003 -0.42022278 -0.4202114699999999 0.88369344 0.8837431699999998 2.3002786200000003 2.3003294399999996 4.36581137 
0.30534156331763324 0.0 0.30534156331763324 -1.3080312100000002 -1.30799448 -0.3990371800000001 -0.39902645999999997 0.8718388399999997 0.87188891 2.30114514 2.3011964999999996 4.35476084 
0.2999846920489914 0.0 0.2999846920489914 -1.2948578200000003 -1.2948218700000003 -0.38229033 -0.38228008000000013 0.8654348599999997 0.86548508 2.3054154799999997 2.30546731 4.34478154 
0.29462782785141745 -7.071067842367995e-09 0.29462782785141745 -1.28353376 -1.2834985800000003 -0.3702698200000003 -0.37025986 0.8647580499999998 0.8648081799999998 2.3131082899999997 2.3131605200000003 4.3358988599999995 
0.28927095658277563 -7.071067842367995e-09 0.28927095658277563 -1.27406015 -1.27402573 -0.3631407600000003 -0.3631309300000001 0.8699684599999999 0.8700182300000003 2.3242287 2.3242812500000003 4.3281393999999995 
0.2839140853141338 7.071067786856844e-09 0.2839140853141338 -1.2664245000000003 -1.2663908300000002 -0.3609358600000001 -0.36092597000000026 0.8810869500000003 0.8811361 2.3387681899999997 2.3388209799999995 4.32152733 
0.27855721404549205 7.071067786856844e-09 0.27855721404549205 -1.2606013800000002 -1.2605684400000001 -0.36354494000000015 -0.3635348300000003 0.8979902099999997 0.8980385000000002 2.35670115 2.35675409 4.31608602 
0.273200349847918 0.0 0.273200349847918 -1.25654953 -1.2565172800000002 -0.3707306800000003 -0.37072021 0.9204266900000002 0.9204739000000002 2.37799066 2.3780436700000003 4.31183759 
0.26784347857927626 0.0 0.26784347857927626 -1.2542196800000003 -1.2541881 -0.3821559400000001 -0.38214499 0.9480446599999999 0.9480906099999995 2.40258677 2.4026397699999995 4.30880583 
0.26248660731063445 0.0 0.26248660731063445 -1.2535457500000002 -1.2535148 -0.3974163100000001 -0.39740478999999995 0.9804263300000002 0.9804708799999995 2.43042871 2.4304816000000002 4.30701276 
0.25712973604199263 0.0 0.25712973604199263 -1.25445429 -1.25442395 -0.4160796800000002 -0.41606754000000024 1.0171168499999999 1.0171599100000002 2.46144081 2.4614934899999996 4.30647823 
0.25177287184441866 -7.071067786856844e-09 0.25177287184441866 -1.25686103 -1.2568312700000002 -0.43770649000000006 -0.4376937000000001 1.05765901 1.05770051 2.49554174 2.4955941299999997 4.30722216 
0.24641600057577687 -7.0710678146124195e-09 0.24641600057577687 -1.26067499 -1.26064577 -0.46187580000000006 -0.4618623799999999 1.1016135499999997 1.1016534599999996 2.5326442899999995 2.5326962999999996 4.30926292 
0.24105912930713508 7.0710678146124195e-09 0.24105912930713508 -1.2657983800000001 -1.26576968 -0.4881959300000003 -0.4881819000000003 1.1485676900000001 1.1486059800000001 2.5726527499999996 2.57270429 4.31261844 
0.23570225803849323 7.0710678146124195e-09 0.23570225803849323 -1.2721274300000003 -1.27209921 -0.5163163700000002 -0.5163017500000002 1.19814679 1.19818346 2.6154676199999995 2.6155186099999996 4.3173033 
0.23034539384091926 0.0 0.23034539384091926 -1.2795595 -1.27953174 -0.5459241500000003 -0.5459090099999999 1.2500075800000001 1.2500426500000001 2.66098077 2.6610311199999996 4.3233312 
0.22498852257227747 0.0 0.22498852257227747 -1.28798308 -1.2879557400000001 -0.57673979 -0.5767241800000003 1.3038476999999995 1.3038811699999995 2.70908614 2.7091357699999996 4.33071547 
0.21963165130363568 0.0 0.21963165130363568 -1.29728777 -1.2972608500000002 -0.6085178099999999 -0.60850179 1.3593947799999997 1.3594266800000003 2.75967609 2.75972493 4.3394666399999995 
0.21427478003499384 0.0 0.21427478003499384 -1.30735987 -1.30733333 -0.6410450000000001 -0.6410286100000002 1.4164049199999997 1.41643527 2.81264177 2.8126897399999997 4.3495941799999995 
0.20891791583741987 -7.0710678146124195e-09 0.20891791583741987 -1.3180880900000003 -1.3180619 -0.6741352200000001 -0.6741185299999999 1.4746589500000002 1.47468778 2.8678738 2.86792084 4.36110492 
0.20356104456877808 -7.0710678146124195e-09 0.20356104456877808 -1.32936057 -1.3293347300000002 -0.7076242399999999 -0.7076073100000002 1.5339577999999996 1.5339851199999996 2.92526359 2.92530962 4.37400344 
0.1982041733001363 7.0710678146124195e-09 0.1982041733001363 -1.3410667 -1.3410411800000002 -0.7413676800000002 -0.7413505700000003 1.5941187799999996 1.5941446299999997 2.9847037299999997 2.98474872 4.38829321 
0.1928473020314945 7.0710678146124195e-09 0.1928473020314945 -1.35309532 -1.35307011 -0.77523521 -0.7752179699999999 1.65497331 1.6549977 3.04608786 3.04613172 4.40397191 
0.18749043783392047 0.0 0.18749043783392047 -1.36533853 -1.3653136300000002 -0.8091106100000003 -0.8090932799999999 1.7163612600000002 1.71638424 3.1093103500000003 3.1093530400000002 4.4210332 
0.18213356656527868 0.0 0.18213356656527868 -1.37768755 -1.37766293 -0.84288762 -0.8428702600000002 1.7781341800000003 1.7781557599999998 3.17426869 3.17431015 4.43947355 
0.1767766952966369 0.0 0.1767766952966369 -1.39003827 -1.39001394 -0.87647333 -0.8764559800000002 1.8401473 1.8401675299999996 3.24085894 3.24089913 4.4592814 
0.1714198240279951 0.0 0.1714198240279951 -1.40227965 -1.40225558 -0.9097731499999999 -0.9097558500000003 1.9022631900000002 1.90228207 3.3089841799999995 3.3090230600000003 4.48044465 
0.1660629527593533 0.0 0.1660629527593533 -1.4143139800000002 -1.41429018 -0.94270904 -0.9426918300000002 1.9643437299999995 1.96436135 3.3785412699999995 3.37857878 4.5029433999999995 
0.16070608856177931 -7.0710678146124195e-09 0.16070608856177931 -1.4260386 -1.4260150600000001 -0.9752017 -0.9751846300000002 2.0262573699999997 2.0262737299999998 3.44943199 3.4494681 4.52675549 
0.1553492172931375 -7.0710678146124195e-09 0.1553492172931375 -1.43735605 -1.43733276 -1.00717795 -1.0071610500000001 2.0878706099999995 2.0878857799999997 3.5215558399999995 3.5215905100000002 4.55185252 
0.1499923460244957 7.0710678146124195e-09 0.1499923460244957 -1.44817459 -1.4481515500000002 -1.03857181 -1.0385551200000003 2.1490487600000003 2.1490627699999996 3.59480825 3.5948414499999997 4.57819948 
0.1446354747558539 7.071067842367995e-09 0.1446354747558539 -1.4584016400000002 -1.45837883 -1.06931326 -1.0692968 2.20966302 2.2096759500000003 3.6690926599999996 3.6691243699999996 4.60575752 
0.13927861055827992 0.0 0.13927861055827992 -1.4679585700000002 -1.46793598 -1.0993437799999999 -1.0993275900000001 2.26958062 2.26959252 3.7443040400000003 3.74433422 4.6344780199999995 
0.13392173928963813 0.0 0.13392173928963813 -1.4767733200000002 -1.47675094 -1.12860441 -1.1285885000000002 2.32866864 2.3286796699999996 3.8203350699999996 3.8203638699999996 4.66430688 
0.12856486802099631 0.0 0.12856486802099631 -1.48478621 -1.48476402 -1.1570421900000003 -1.1570266 2.3867920700000003 2.3868022 3.89707251 3.8970995200000003 4.695178390000001 
0.12320799675235453 0.0 0.12320799675235453 -1.4919475800000002 -1.49192556 -1.1846023300000001 -1.18458707 2.4438184099999996 2.4438277 3.9744003 3.9744256699999996 4.72702028 
0.11785113255478052 -7.071067800734632e-09 0.11785113255478052 -1.4982316400000002 -1.49820978 -1.2112370500000003 -1.2112221400000003 2.4996088700000003 2.4996177 4.05218949 4.0522133899999995 4.759744959999999 
0.11249426128613874 -7.0710678146124195e-09 0.11249426128613874 -1.5036223400000002 -1.5036006100000001 -1.2368991500000002 -1.2368846000000002 2.5540302299999995 2.5540383899999997 4.1303069599999995 4.1303292 4.793257690000001 
0.10713739001749692 7.071067828490207e-09 0.10713739001749692 -1.50812527 -1.5081036600000002 -1.26154732 -1.26153314 2.60694624 2.60695402 4.20860486 4.2086255 4.827444679999999 
0.10178051874885513 7.0710678146124195e-09 0.10178051874885513 -1.5117636700000001 -1.51174216 -1.2851426799999999 -1.28512886 2.6582248699999997 2.65823245 4.28692657 4.28694474 4.862186980000001 
0.09642365455128116 0.0 0.09642365455128116 -1.51457645 -1.5145550300000001 -1.30764727 -1.30763382 2.70773713 2.7077443800000003 4.36509516 4.36511255 4.8973441 
0.09106678328263934 0.0 0.09106678328263934 -1.51662374 -1.5166024 -1.3290338099999999 -1.32902072 2.75535042 2.75535763 4.44291592 4.44293165 4.9327585 
0.08570991201399755 0.0 0.08570991201399755 -1.51797307 -1.5179518 -1.34927383 -1.3492610900000002 2.8009423499999997 2.80094933 4.5201727499999995 4.52018717 4.96825288 
0.08035304074535575 0.0 0.08035304074535575 -1.5187031400000002 -1.5186819200000001 -1.36834388 -1.3683314800000002 2.8443933999999995 2.8444003799999997 4.59662189 4.59663439 5.003638690000001 
0.07499617654778176 -7.0710678146124195e-09 0.07499617654778176 -1.5188992700000001 -1.51887812 -1.38622602 -1.38621393 2.8855863399999997 2.88559331 4.671987249999999 4.67199812 5.038700889999999 
0.06963930527913996 -7.0710678146124195e-09 0.06963930527913996 -1.5186477500000002 -1.51862666 -1.40290117 -1.4028893900000001 2.9244143400000002 2.9244214599999996 4.745958249999999 4.745968059999999 5.073210380000001 
0.06428243401049816 7.0710678146124195e-09 0.06428243401049816 -1.5180373600000001 -1.51801632 -1.4183610800000002 -1.4183495700000002 2.9607720100000003 2.9607789899999997 4.818175159999999 4.8181828200000005 5.10690879 
0.05892556274185636 7.0710678146124195e-09 0.05892556274185636 -1.51715185 -1.51713088 -1.43259215 -1.43258089 2.99456294 2.99456992 4.88823176 4.88823786 5.139529530000001 
0.053568698544282374 0.0 0.053568698544282374 -1.51607215 -1.5160512400000001 -1.4455906500000002 -1.44557961 3.0257009100000003 3.0257078799999997 4.9556684 4.955672979999999 5.1707854399999995 
0.04821182727564058 0.0 0.04821182727564058 -1.51487253 -1.51485168 -1.45735096 -1.45734011 3.0541069299999997 3.05411388 5.01996243 5.01996581 5.20037737 
0.042854956006998776 0.0 0.042854956006998776 -1.5136206200000002 -1.5135998400000001 -1.46787035 -1.4678596700000002 3.0797094099999995 3.07971632 5.08052198 5.08052449 5.22799597 
0.037498084738356974 0.0 0.037498084738356974 -1.5123768400000002 -1.5123561200000002 -1.4771478 -1.4771372600000001 3.10244506 3.10245193 5.136686599999999 5.13668925 5.253328959999999 
0.032141220540782986 -7.071067807673526e-09 0.032141220540782986 -1.51119544 -1.5111747800000002 -1.48518586 -1.4851754400000001 3.12225663 3.1222635499999996 5.18772476 5.1877287899999995 5.276064679999999 
0.026784349272141187 -7.0710678111429726e-09 0.026784349272141187 -1.510121 -1.51010039 -1.49198418 -1.49197386 3.1390984900000003 3.13910525 5.2328589999999995 5.232864490000001 5.29590726 
0.021427478003499388 7.0710678111429726e-09 0.021427478003499388 -1.50919157 -1.509171 -1.4975443300000002 -1.49753408 3.1529326199999996 3.15293927 5.271282879999999 5.2712895 5.312583330000001 
0.01607060673485759 7.071067807673526e-09 0.01607060673485759 -1.50843711 -1.50841657 -1.50186627 -1.5018561000000001 3.16372562 3.1637322999999995 5.302195660000001 5.30220375 5.325843219999999 
0.0107137425372836 0.0 0.0107137425372836 -1.5078811600000002 -1.50786062 -1.5049514400000001 -1.50494134 3.1714554 3.17146203 5.32487229 5.32488148 5.33548781 
0.0053568712686418 0.0 0.0053568712686418 -1.5075412700000002 -1.5075205900000002 -1.50680129 -1.50679144 3.17610423 3.17611083 5.338720240000001 5.33872987 5.341364179999999 
0.0 0.0 0.0 -1.50743834 -1.50741432 -1.50740355 -1.50739901 3.17766297 3.17766959 5.34333722 5.3433519 5.34338735 
